"genus","age","avg_abundance"
"Hungatella",4,4407.5
"Hungatella",7,4303
"Hungatella",3,4029.5
"Hungatella",6,3704.66666666667
"Hungatella",5,3680.33333333333
"Hungatella",13,2829
"Hungatella",10,2325
"Faecalibacterium",13,2146.5
"Faecalibacterium",8,1724.2
"Hungatella",8,1556
"Flavonifractor",7,1498
"Faecalibacterium",9,1491
"Faecalibacterium",5,1467.58620689655
"Faecalibacterium",7,1442.8
"Flavonifractor",10,1428.5
"Faecalibacterium",6,1303.93333333333
"Butyricicoccus",7,1284
"Butyricicoccus",13,1251
"Hungatella",9,1217
"Butyricicoccus",10,1133.5
"Faecalibacterium",4,1128.63157894737
"Faecalibacterium",3,1110.43243243243
"Flavonifractor",13,1080.5
"Faecalibacterium",10,1033.6
"Butyricicoccus",9,998.5
"Flavonifractor",3,942.6875
"Flavonifractor",5,840
"Flavonifractor",8,829
"Flavonifractor",4,820.125
"Butyricicoccus",5,817.666666666667
"Butyricicoccus",4,796.5
"Butyricicoccus",6,766.666666666667
"Bilophila",9,750
"Flavonifractor",6,726.666666666667
"Bilophila",13,719.5
"Bilophila",7,693.5
"Subdoligranulum",7,689.333333333333
"Phascolarctobacterium",7,675.666666666667
"Butyricicoccus",3,663.3125
"Phascolarctobacterium",9,655.333333333333
"Phascolarctobacterium",8,637
"Subdoligranulum",8,628.666666666667
"Bilophila",10,616
"Subdoligranulum",10,610
"Subdoligranulum",6,591.875
"Phascolarctobacterium",10,584.666666666667
"Butyricimonas",9,573.666666666667
"Bilophila",5,561.916666666667
"Bilophila",8,525.5
"Subdoligranulum",5,524.888888888889
"Bilophila",6,523.5
"Butyricimonas",7,507.333333333333
"Phascolarctobacterium",6,454.444444444444
"Bilophila",3,447.0625
"Phascolarctobacterium",4,445.958333333333
"Subdoligranulum",3,397.347826086957
"Flavonifractor",9,395.5
"Subdoligranulum",13,384.666666666667
"Fusicatenibacter",8,380
"Intestinimonas",10,363.5
"Phascolarctobacterium",5,356.888888888889
"Butyricicoccus",8,353.5
"Escherichia",8,350.333333333333
"Oscillibacter",8,347.777777777778
"Escherichia",10,346.333333333333
"Subdoligranulum",4,331.130434782609
"Fusicatenibacter",7,322.5
"Oscillibacter",6,315.592592592593
"Azospirillum",9,305
"Ruthenibacterium",7,305
"Ruthenibacterium",6,297
"Fusicatenibacter",10,293
"Eisenbergiella",6,289.666666666667
"Oscillibacter",9,285.888888888889
"Bilophila",4,285.25
"Fusicatenibacter",5,283.833333333333
"Escherichia",5,275
"Subdoligranulum",9,270.333333333333
"Roseburia",8,268
"Ruthenibacterium",10,268
"Eisenbergiella",8,265
"Escherichia",9,264.333333333333
"Fusicatenibacter",3,264.0625
"Holdemanella",9,264
"Butyricimonas",6,262.777777777778
"Fusicatenibacter",6,260
"Butyricimonas",10,254.666666666667
"Fusicatenibacter",13,254.5
"Ruthenibacterium",5,251.5
"Fusicatenibacter",9,251
"Escherichia",4,247.304347826087
"Escherichia",13,242.666666666667
"Fusicatenibacter",4,237.25
"Akkermansia",7,231.333333333333
"Escherichia",3,228.363636363636
"Oscillibacter",5,226.851851851852
"Escherichia",6,225.142857142857
"Oscillibacter",7,224.111111111111
"Odoribacter",6,222
"Eubacterium",8,219.738095238095
"Alistipes",9,214.739130434783
"Alistipes",8,212.333333333333
"Odoribacter",10,210.333333333333
"Odoribacter",8,210
"Ruthenibacterium",4,207.75
"Lachnoclostridium",7,207.590909090909
"Ruthenibacterium",3,203.125
"Eisenbergiella",9,194
"Roseburia",10,192.588235294118
"Alistipes",6,188.115942028986
"Eisenbergiella",10,188
"Intestinimonas",8,187
"Parasutterella",10,186.5
"Odoribacter",13,185.666666666667
"Roseburia",7,185.529411764706
"Ruminococcus",8,185.209302325581
"Intestinimonas",5,185.083333333333
"Intestinimonas",7,184.5
"Roseburia",13,183.941176470588
"Escherichia",7,181.666666666667
"Alistipes",10,180.958333333333
"Eubacterium",10,180.53488372093
"Lachnoclostridium",10,179
"Odoribacter",9,176.166666666667
"Alistipes",5,174.791044776119
"Parasutterella",7,170.5
"Intestinimonas",6,166.5
"Ruthenibacterium",9,164
"Lachnospira",8,162
"Eubacterium",3,161.236760124611
"Ruthenibacterium",13,161
"Odoribacter",4,160.558139534884
"Megasphaera",7,159.888888888889
"Eubacterium",6,159.095238095238
"Oscillibacter",3,158.430555555556
"Eisenbergiella",5,158.333333333333
"Barnesiella",8,157
"Lachnospira",10,157
"Ruthenibacterium",8,157
"Paraprevotella",6,156.666666666667
"Roseburia",9,156
"Sutterella",8,155.571428571429
"Eubacterium",7,153.47619047619
"Roseburia",5,153.470588235294
"Oscillibacter",4,152.069444444444
"Lachnoclostridium",6,151.681818181818
"Blautia",8,148.894736842105
"Eubacterium",5,148.649402390438
"Roseburia",6,148.32
"Lachnoclostridium",3,148.164772727273
"Eisenbergiella",13,147
"Odoribacter",5,146.714285714286
"Eisenbergiella",7,145
"Megamonas",8,143.4
"Barnesiella",10,140.5
"Eubacterium",13,139.95
"Intestinimonas",3,139.3125
"Parasutterella",5,138.916666666667
"Dialister",7,137.285714285714
"Parasutterella",6,136.4
"Clostridium",8,135.677777777778
"Oscillibacter",13,135.666666666667
"Roseburia",3,134.356060606061
"Lachnoclostridium",4,131.171428571429
"Lachnoclostridium",5,127.431818181818
"Alistipes",7,127.2
"Barnesiella",9,126.5
"Butyricimonas",3,126.409090909091
"Allisonella",9,125
"Oscillibacter",10,123.555555555556
"Butyricimonas",5,121.647058823529
"Eisenbergiella",4,121.375
"Akkermansia",6,120.285714285714
"Roseburia",4,119.840909090909
"Blautia",7,118.210526315789
"Blautia",6,118.017543859649
"Blautia",9,116.631578947368
"Eisenbergiella",3,116.5
"Dialister",5,114.219512195122
"Intestinimonas",9,113
"Phascolarctobacterium",3,112.541666666667
"Lachnospira",9,112
"Ruminococcus",10,111.975609756098
"Alistipes",3,111.711656441718
"Clostridium",7,111.672955974843
"Barnesiella",6,111.666666666667
"Blautia",5,110.394736842105
"Alistipes",4,106.744186046512
"Intestinimonas",13,104.5
"Clostridium",5,102.605550049554
"Coprococcus",8,101.454545454545
"Blautia",10,100.157894736842
"Clostridium",6,99.7228915662651
"Eubacterium",4,99.15
"Anaerostipes",13,98.75
"Ruminococcus",5,97.6299212598425
"Blautia",13,96.9444444444444
"Pseudoflavonifractor",7,96
"Blautia",3,95.96
"Megamonas",13,95.2
"Dialister",8,93.4285714285714
"Marvinbryantia",8,93
"Tyzzerella",6,92.4166666666667
"Clostridium",10,91.4569536423841
"Ruminococcus",9,91.0243902439024
"Anaerotruncus",7,90.6666666666667
"Pseudoflavonifractor",6,90.6666666666667
"Parasutterella",9,90.5
"Intestinimonas",4,90.125
"Parasutterella",3,89.25
"Parasutterella",4,89.25
"Bacteroides",8,87.462962962963
"Blautia",4,87.3245033112583
"Dialister",3,87.0408163265306
"Dorea",8,86.8
"Allisonella",4,85.5
"Clostridium",4,84.7192832764505
"Anaerostipes",10,84.25
"Tyzzerella",4,83.90625
"Akkermansia",4,83.6363636363636
"Dorea",9,83.6363636363636
"Bacteroides",6,83.2618296529969
"Anaerotruncus",10,81.1666666666667
"Clostridium",3,80.543829787234
"Dorea",10,80.2
"Tyzzerella",3,79.875
"Coprobacillus",8,79.8571428571429
"Parabacteroides",6,79.4038461538462
"Ruminococcus",7,78.7619047619048
"Clostridium",9,78.1036585365854
"Parabacteroides",9,77.5294117647059
"Marvinbryantia",6,76.6666666666667
"Holdemania",7,76.5
"Pyramidobacter",7,76
"Coprobacillus",13,75.8333333333333
"Parabacteroides",10,75.1764705882353
"Eubacterium",9,74.8095238095238
"Lachnospira",3,74.4583333333333
"Akkermansia",5,73.68
"Coprococcus",9,73.4545454545455
"Parabacteroides",5,72.9207920792079
"Lachnoclostridium",8,72.3181818181818
"Ruminococcus",6,72.0476190476191
"Tyzzerella",8,72
"Clostridium",13,71.9485294117647
"Anaerostipes",8,71.6666666666667
"Alistipes",13,71.65
"Bacteroides",5,71.6173633440514
"Pseudoflavonifractor",8,71
"Ruminococcus",3,70.9006211180124
"Lachnospira",5,70.7222222222222
"Anaerotruncus",5,70.5833333333333
"Ruminiclostridium",7,70.5625
"Coprococcus",5,70.5396825396825
"Marvinbryantia",5,69.5
"Bacteroides",10,69.4814814814815
"Coprococcus",13,69
"Intestinibacter",10,68
"Clostridioides",6,67.6666666666667
"Sutterella",6,67.6
"Bacteroides",13,67.2476190476191
"Pseudoflavonifractor",5,66.3333333333333
"Coprobacillus",10,65.7142857142857
"Holdemania",10,65
"Anaerotruncus",6,64.5
"Clostridioides",7,64
"Hydrogenoanaerobacterium",7,64
"Bacteroides",4,63.8815628815629
"Allisonella",6,63.6666666666667
"Clostridioides",8,63.5
"Phascolarctobacterium",13,63.3333333333333
"Tyzzerella",5,63.0833333333333
"Marvinbryantia",10,63
"Anaerotruncus",3,61.4893617021277
"Allisonella",5,61.2
"Acidiphilium",6,61
"Marvinbryantia",13,61
"Pseudoflavonifractor",10,61
"Intestinibacter",7,60
"Marvinbryantia",7,60
"Lachnospira",4,59.9583333333333
"Bacteroides",7,59.2075471698113
"Dialister",4,59.188679245283
"Hydrogenoanaerobacterium",10,59
"Akkermansia",10,58.8
"Clostridioides",10,58.5
"Anaerotruncus",8,58.3333333333333
"Clostridioides",3,58.3333333333333
"Clostridioides",5,58.0833333333333
"Ruminococcus",4,57.9488817891374
"Intestinibacter",3,57.75
"Klebsiella",6,55.3333333333333
"Dorea",5,55.0327868852459
"Holdemania",8,54
"Holdemania",6,53.5
"Anaerotruncus",4,53.3958333333333
"Hydrogenoanaerobacterium",8,53
"Marvinbryantia",9,53
"Bacteroides",9,52.7735849056604
"Intestinibacter",5,52.6666666666667
"Coprococcus",3,52.6538461538462
"Clostridioides",9,52.5
"Intestinibacter",4,52.5
"Anaerostipes",7,52.3333333333333
"Holdemania",3,52.3125
"Collinsella",7,52.2222222222222
"Pseudoflavonifractor",4,52.125
"Parabacteroides",8,51.8666666666667
"Megamonas",6,51.8571428571429
"Coprobacillus",6,51.6538461538462
"Pseudoflavonifractor",3,51.625
"Dorea",13,51.0909090909091
"Acidiphilium",3,51
"Clostridioides",4,51
"Megamonas",5,50.92
"Holdemania",5,50.75
"Akkermansia",9,50.4
"Parabacteroides",4,50.2910447761194
"Bacteroides",3,50.1623931623932
"Anaerobium",8,50
"Chlamydia",9,50
"Lachnoclostridium",13,49.5909090909091
"Ruminococcus",13,49.0238095238095
"Coprobacillus",4,48.5833333333333
"Hydrogenoanaerobacterium",6,48
"Parasutterella",8,48
"Romboutsia",10,48
"Ruminiclostridium",6,47.5208333333333
"Clostridioides",13,47.5
"Tyzzerella",10,47.25
"Coprococcus",6,47.2
"Parabacteroides",13,46.8823529411765
"Coprobacillus",5,46.38
"Marvinbryantia",3,46.25
"Dorea",3,46.225
"Intestinibacter",8,46
"Pseudoflavonifractor",13,46
"Collinsella",10,45.8571428571429
"Dorea",7,45.4
"Anaerostipes",4,45.3333333333333
"Marvinbryantia",4,44.5
"Holdemania",4,43.625
"Dorea",4,42.7564102564103
"Dialister",6,42.7058823529412
"Lachnospira",13,42.6666666666667
"Coprobacillus",9,42.625
"Pseudoflavonifractor",9,42
"Anaerostipes",5,41.5909090909091
"Holdemania",9,41.5
"Coprococcus",4,40.9102564102564
"Klebsiella",10,40.3333333333333
"Lachnospira",7,40.3333333333333
"Dorea",6,39.7878787878788
"Coprobacillus",3,39.640625
"Parabacteroides",3,39.6153846153846
"Acetivibrio",8,39
"Tyzzerella",7,39
"Collinsella",9,38.3
"Acidiphilium",10,38
"Fusobacterium",4,37.9166666666667
"Pyramidobacter",5,37.6666666666667
"Parabacteroides",7,37.4705882352941
"Azospirillum",4,37.3
"Sutterella",3,36.3333333333333
"Odoribacter",3,36.1351351351351
"Allisonella",8,36
"Tyzzerella",13,36
"Klebsiella",4,35.75
"Coprococcus",7,35.6363636363636
"Anaerotruncus",9,35.3333333333333
"Hydrogenoanaerobacterium",5,35.3333333333333
"Pyramidobacter",3,35.25
"Tyzzerella",9,35.25
"Ruminiclostridium",5,35.0625
"Romboutsia",9,35
"Veillonella",9,34.5
"Lachnospira",6,34.2222222222222
"Chlamydia",5,33.6
"Klebsiella",5,33.5333333333333
"Ruminiclostridium",3,33.3140495867769
"Lachnoclostridium",9,33.0909090909091
"Anaerostipes",9,32.75
"Barnesiella",5,31.25
"Akkermansia",8,31.1666666666667
"Anaerostipes",3,31
"Anaerostipes",6,31
"Collinsella",4,30.5535714285714
"Collinsella",6,30.4137931034483
"Klebsiella",3,30.3125
"Youngiibacter",8,30
"Veillonella",7,29.5
"Coprobacillus",7,28.5714285714286
"Catenibacterium",10,28
"Bifidobacterium",5,27.7368421052632
"Akkermansia",3,27.6428571428571
"Acetanaerobacterium",10,27
"Caldicoprobacter",8,27
"Holdemania",13,27
"Ruminiclostridium",10,26.8125
"Bifidobacterium",4,26.2690058479532
"Collinsella",5,26.1086956521739
"Candidatus Soleaferrea",7,26
"Anaerobium",6,25.6666666666667
"Ruminiclostridium",4,25.4297520661157
"Prevotella",9,25.2597402597403
"Paraprevotella",4,25.2083333333333
"Acidiphilium",5,25.1666666666667
"Acetivibrio",7,25
"Sarcina",8,25
"Chlamydia",10,24.5
"Barnesiella",4,24.4
"Butyricimonas",4,24.2272727272727
"Acetanaerobacterium",6,24
"Acetanaerobacterium",7,24
"Anaerobium",13,24
"Catonella",8,24
"Youngiibacter",13,24
"Acetivibrio",6,23.8
"Anaerobium",5,23.6666666666667
"Hydrogenoanaerobacterium",3,23.375
"Dialister",13,23
"Klebsiella",9,23
"Collinsella",3,22.9487179487179
"Butyricimonas",13,22.6666666666667
"Barnesiella",3,22.6428571428571
"Ruminiclostridium",8,22.5625
"Pyramidobacter",4,22.5
"Coprococcus",10,22.4444444444444
"Youngiibacter",5,22.1666666666667
"Acetanaerobacterium",8,22
"Intestinibacter",6,22
"Romboutsia",8,22
"Megamonas",3,21.8529411764706
"Acetivibrio",5,21.8333333333333
"Anaerotruncus",13,21.6666666666667
"Youngiibacter",6,21.6666666666667
"Chlamydia",3,21.4
"Chlamydia",6,21.4
"Streptococcus",9,21.4
"Acetivibrio",10,21
"Anaerobium",7,21
"Candidatus Soleaferrea",8,21
"Ethanoligenens",8,21
"Paeniclostridium",8,21
"Caldicoprobacter",6,20
"Candidatus Soleaferrea",6,20
"Catenibacterium",8,20
"Salmonella",10,20
"Sporomusa",8,20
"Hydrogenoanaerobacterium",4,19.75
"Butyricimonas",8,19.6666666666667
"Romboutsia",13,19.5
"Prevotella",5,19.414798206278
"Catenibacterium",6,19.4
"Anaerobium",3,19.125
"Acetivibrio",4,19.0714285714286
"Acetivibrio",9,19
"Anaerobium",10,19
"Catenibacterium",13,19
"Sanguibacteroides",8,19
"Sanguibacteroides",13,19
"Acetivibrio",3,18.9285714285714
"Chlamydia",4,18.8333333333333
"Bifidobacterium",3,18.7032258064516
"Sanguibacteroides",6,18.3333333333333
"Acetanaerobacterium",5,18
"Allisonella",3,18
"Coraliomargarita",6,18
"Coraliomargarita",8,18
"Fretibacterium",8,18
"Hydrogenoanaerobacterium",9,18
"Mahella",8,18
"Pyramidobacter",10,18
"Paeniclostridium",5,17.8333333333333
"Chlamydia",8,17.6666666666667
"Catenibacterium",5,17.25
"Anaerobium",4,17.125
"Anaerobium",9,17
"Candidatus Soleaferrea",10,17
"Catonella",7,17
"Salmonella",8,17
"Youngiibacter",7,17
"Candidatus Soleaferrea",5,16.8333333333333
"Ruminiclostridium",13,16.5333333333333
"Bifidobacterium",9,16.4285714285714
"Catenibacterium",7,16
"Lachnobacterium",8,16
"Pyramidobacter",13,16
"Sarcina",13,16
"Haemophilus",9,15.8461538461538
"Akkermansia",13,15.6666666666667
"Chlamydia",13,15.5
"Neurospora",10,15.5
"Sutterella",10,15.5
"Lachnoanaerobaculum",8,15.25
"Acetivibrio",13,15
"Dehalobacter",9,15
"Desulfomicrobium",9,15
"Faecalitalea",7,15
"Faecalitalea",8,15
"Holdemanella",6,15
"Johnsonella",8,15
"Sanguibacteroides",10,15
"Catonella",6,14.6666666666667
"Pyramidobacter",6,14.6666666666667
"Bifidobacterium",6,14.4507042253521
"Collinsella",8,14.1818181818182
"Catenibacterium",3,14
"Chlamydia",7,14
"Intestinibacter",13,14
"Sanguibacteroides",9,14
"Solobacterium",8,14
"Catenibacterium",4,13.8
"Ruminiclostridium",9,13.625
"Salmonella",5,13.5
"Ethanoligenens",6,13.3333333333333
"Sarcina",6,13.3333333333333
"Allisonella",10,13
"Caldicoprobacter",9,13
"Catonella",9,13
"Coprobacter",6,13
"Defluviitalea",8,13
"Flexilinea",9,13
"Holdemanella",8,13
"Mahella",10,13
"Sporomusa",7,13
"Veillonella",4,12.7835051546392
"Holdemanella",5,12.6666666666667
"Paraprevotella",9,12.6666666666667
"Acetanaerobacterium",3,12.5
"Dehalobacter",7,12.5
"Paeniclostridium",6,12.3333333333333
"Youngiibacter",4,12.25
"Prevotella",10,12.1944444444444
"Acidiphilium",8,12
"Anaerovorax",7,12
"Catonella",13,12
"Coprobacter",10,12
"Drancourtella",6,12
"Ethanoligenens",7,12
"Lachnoanaerobaculum",7,12
"Odoribacter",7,12
"Pyramidobacter",8,12
"Sarcina",7,12
"Sarcina",9,12
"Solobacterium",6,12
"Salmonella",4,11.875
"Caldicoprobacter",5,11.8333333333333
"Sarcina",5,11.8333333333333
"Prevotella",4,11.715667311412
"Faecalitalea",6,11.6666666666667
"Fretibacterium",6,11.6666666666667
"Catonella",5,11.5
"Johnsonella",5,11.5
"Terrimicrobium",6,11.5
"Veillonella",3,11.4509803921569
"Prevotella",6,11.3860465116279
"Prevotella",8,11.3684210526316
"Ethanoligenens",5,11.3333333333333
"Sanguibacteroides",5,11.3333333333333
"Bifidobacterium",7,11
"Catabacter",8,11
"Catenibacterium",9,11
"Catonella",10,11
"Dialister",9,11
"Faecalitalea",10,11
"Johnsonella",6,11
"Johnsonella",7,11
"Johnsonella",13,11
"Paeniclostridium",10,11
"Pseudobacteroides",7,11
"Sporomusa",10,11
"Stomatobaculum",6,11
"Stomatobaculum",8,11
"Tannerella",10,11
"Veillonella",10,10.7857142857143
"Catabacter",6,10.6666666666667
"Paraprevotella",13,10.6666666666667
"Paeniclostridium",4,10.5714285714286
"Lentisphaera",6,10.5
"Salmonella",3,10.5
"Sanguibacteroides",4,10.4285714285714
"Salmonella",6,10.3333333333333
"Youngiibacter",3,10.2857142857143
"Paraprevotella",5,10.2777777777778
"Christensenella",6,10.2222222222222
"Dialister",10,10.1666666666667
"Oribacterium",8,10.1111111111111
"Acetanaerobacterium",9,10
"Anaerovorax",8,10
"Caldicoprobacter",7,10
"Christensenella",8,10
"Defluviitalea",7,10
"Flexilinea",8,10
"Holdemanella",13,10
"Hydrogenoanaerobacterium",13,10
"Kandleria",8,10
"Mageeibacillus",8,10
"Peptoanaerobacter",9,10
"Sporomusa",9,10
"Succinispira",7,10
"Terrimicrobium",8,10
"Paraprevotella",3,9.95833333333333
"Lachnoanaerobaculum",6,9.9
"Romboutsia",6,9.85714285714286
"Defluviitalea",5,9.83333333333333
"Stomatobaculum",5,9.83333333333333
"Erysipelatoclostridium",8,9.8
"Catonella",4,9.75
"Faecalitalea",5,9.66666666666667
"Mahella",6,9.66666666666667
"Acetanaerobacterium",4,9.625
"Anaerovorax",5,9.5
"Faecalitalea",4,9.5
"Rikenella",7,9.5
"Haemophilus",5,9.48484848484848
"Streptococcus",4,9.47058823529412
"Drancourtella",4,9.28571428571429
"Bifidobacterium",10,9.17647058823529
"Candidatus Soleaferrea",4,9.14285714285714
"Faecalitalea",3,9.125
"Bifidobacterium",13,9.04761904761905
"Candidatus Soleaferrea",3,9
"Candidatus Stoquefichus",8,9
"Cellulosilyticum",8,9
"Drancourtella",10,9
"Faecalitalea",9,9
"Fretibacterium",9,9
"Gabonibacter",9,9
"Gabonibacter",10,9
"Haemophilus",7,9
"Lachnobacterium",7,9
"Lachnobacterium",9,9
"Lachnobacterium",10,9
"Paeniclostridium",7,9
"Paeniclostridium",9,9
"Paeniclostridium",13,9
"Pyramidobacter",9,9
"Romboutsia",5,9
"Sanguibacteroides",7,9
"Sarcina",10,9
"Sharpea",8,9
"Stomatobaculum",13,9
"Youngiibacter",9,9
"Haemophilus",10,8.90909090909091
"Butyrivibrio",8,8.76923076923077
"Catonella",3,8.75
"Fretibacterium",5,8.66666666666667
"Parvimonas",9,8.66666666666667
"Rikenella",6,8.6
"Bifidobacterium",8,8.57692307692308
"Tannerella",6,8.57142857142857
"Lachnoanaerobaculum",5,8.52380952380952
"Drancourtella",5,8.5
"Mahella",5,8.5
"Holdemanella",3,8.375
"Paraprevotella",8,8.33333333333333
"Veillonella",6,8.17948717948718
"Kandleria",5,8.16666666666667
"Sarcina",3,8.14285714285714
"Ethanoligenens",3,8.125
"Holdemanella",4,8.125
"Caldicoprobacter",4,8
"Candidatus Soleaferrea",9,8
"Candidatus Soleaferrea",13,8
"Candidatus Stoquefichus",13,8
"Dielma",7,8
"Fibrobacter",8,8
"Holdemanella",7,8
"Kandleria",7,8
"Lentisphaera",8,8
"Macellibacteroides",9,8
"Oxobacter",8,8
"Proteiniclasticum",10,8
"Rikenella",10,8
"Salmonella",13,8
"Sedimentibacter",10,8
"Shigella",10,8
"Stomatobaculum",7,8
"Pseudobacteroides",3,7.85714285714286
"Macellibacteroides",5,7.83333333333333
"Pseudobacteroides",5,7.83333333333333
"Sutterella",9,7.83333333333333
"Fretibacterium",4,7.8
"Desulfomicrobium",5,7.75
"Lachnoanaerobaculum",13,7.75
"Paeniclostridium",3,7.75
"Acidiphilium",4,7.66666666666667
"Anaerovorax",6,7.66666666666667
"Romboutsia",4,7.66666666666667
"Veillonella",5,7.64
"Veillonella",13,7.6
"Sporomusa",4,7.57142857142857
"Alloprevotella",8,7.5
"Candidatus Stoquefichus",6,7.5
"Cellulosilyticum",7,7.5
"Christensenella",5,7.5
"Dehalobacter",8,7.5
"Herbinix",8,7.5
"Lachnobacterium",5,7.5
"Mahella",4,7.5
"Oxalobacter",6,7.5
"Solobacterium",5,7.5
"Desulfovibrio",4,7.39823008849558
"Sutterella",5,7.34285714285714
"Corallococcus",3,7.33333333333333
"Dielma",5,7.33333333333333
"Gabonibacter",6,7.33333333333333
"Haemophilus",4,7.3125
"Prevotella",3,7.28270042194093
"Candidatus Stoquefichus",3,7.25
"Drancourtella",3,7.25
"Romboutsia",3,7.23076923076923
"Oribacterium",7,7.22222222222222
"Rikenella",5,7.18181818181818
"Cellulosilyticum",5,7.16666666666667
"Johnsonella",3,7.16666666666667
"Oribacterium",5,7.15686274509804
"Oribacterium",13,7.125
"Sarcina",4,7.125
"Dehalobacter",5,7.05
"Anaerofustis",7,7
"Anaerovorax",13,7
"Caldicoprobacter",10,7
"Candidatus Marispirochaeta",8,7
"Christensenella",9,7
"Cloacibacillus",8,7
"Corallococcus",6,7
"Dielma",10,7
"Enterococcus",10,7
"Ethanoligenens",10,7
"Faecalitalea",13,7
"Flexilinea",10,7
"Geosporobacter",5,7
"Geosporobacter",8,7
"Geosporobacter",9,7
"Gracilibacter",8,7
"Johnsonella",9,7
"Kandleria",6,7
"Mageeibacillus",13,7
"Mastadenovirus",4,7
"Proteiniborus",6,7
"Proteiniborus",7,7
"Proteiniphilum",8,7
"Pseudobacteroides",6,7
"Pseudoramibacter",8,7
"Sharpea",9,7
"Shigella",13,7
"Sporanaerobacter",6,7
"Sporomusa",5,7
"Dehalobacter",6,6.94117647058824
"Haemophilus",3,6.9375
"Veillonella",8,6.93333333333333
"Pseudobutyrivibrio",8,6.88888888888889
"Oribacterium",6,6.88
"Acidaminococcus",8,6.83333333333333
"Lachnoanaerobaculum",3,6.83333333333333
"Sutterella",7,6.8
"Streptococcus",3,6.78947368421053
"Tannerella",5,6.76923076923077
"Johnsonella",4,6.75
"Lachnobacterium",4,6.71428571428571
"Christensenella",3,6.7
"Anaerofustis",5,6.66666666666667
"Christensenella",10,6.66666666666667
"Dielma",6,6.66666666666667
"Flexilinea",6,6.66666666666667
"Eggerthella",6,6.61111111111111
"Fibrobacter",6,6.5
"Turicibacter",8,6.5
"Haemophilus",6,6.41666666666667
"Candidatus Stoquefichus",10,6.33333333333333
"Cellulosilyticum",6,6.33333333333333
"Christensenella",7,6.33333333333333
"Dehalobacter",13,6.33333333333333
"Geosporobacter",6,6.33333333333333
"Mageeibacillus",6,6.33333333333333
"Oxobacter",6,6.33333333333333
"Sedimentibacter",5,6.33333333333333
"Sedimentibacter",6,6.33333333333333
"Candidatus Stoquefichus",5,6.27777777777778
"Candidatus Stoquefichus",4,6.27272727272727
"Corallococcus",5,6.25
"Catabacter",5,6.16666666666667
"Proteiniclasticum",5,6.16666666666667
"Desulfovibrio",5,6.1566265060241
"Eggerthella",8,6.14285714285714
"Turicibacter",5,6.11111111111111
"Acidaminobacter",8,6
"Acidaminococcus",9,6
"Allobaculum",8,6
"Anaerobiospirillum",6,6
"Anaerosporomusa",7,6
"Anaerosporomusa",8,6
"Anaerovorax",3,6
"Caldicoprobacter",13,6
"Caldisalinibacter",7,6
"Catabacter",7,6
"Catabacter",10,6
"Defluviitalea",13,6
"Dehalococcoides",6,6
"Desulfatirhabdium",9,6
"Dielma",9,6
"Ethanoligenens",9,6
"Ethanoligenens",13,6
"Faecalicoccus",8,6
"Faecalicoccus",10,6
"Fervidicella",13,6
"Fretibacterium",13,6
"Gordonibacter",8,6
"Herbinix",10,6
"Holdemanella",10,6
"Lachnoanaerobaculum",10,6
"Lachnobacterium",6,6
"Macellibacteroides",8,6
"Mageeibacillus",7,6
"Mucinivorans",5,6
"Oxobacter",7,6
"Proteiniborus",5,6
"Proteiniclasticum",8,6
"Pseudobacteroides",9,6
"Pseudobacteroides",10,6
"Salmonella",7,6
"Salmonella",9,6
"Sedimentibacter",7,6
"Sellimonas",4,6
"Shigella",8,6
"Sinorhizobium",8,6
"Solobacterium",9,6
"Succinispira",8,6
"Syntrophobotulus",10,6
"Youngiibacter",10,6
"Megasphaera",8,5.85714285714286
"Azospirillum",6,5.83333333333333
"Streptococcus",6,5.82352941176471
"Oribacterium",4,5.80327868852459
"Megamonas",4,5.79166666666667
"Sutterella",4,5.76744186046512
"Desulfitobacterium",10,5.75
"Ethanoligenens",4,5.75
"Lachnoanaerobaculum",4,5.72
"Shigella",4,5.70967741935484
"Erysipelatoclostridium",6,5.69230769230769
"Robinsoniella",8,5.66666666666667
"Sharpea",5,5.66666666666667
"Terrisporobacter",6,5.66666666666667
"Acetobacter",4,5.57142857142857
"Tannerella",3,5.53571428571429
"Defluviitalea",4,5.5
"Desulfitobacterium",9,5.5
"Gorillibacterium",8,5.5
"Lactococcus",8,5.5
"Rikenella",8,5.5
"Shigella",7,5.5
"Shigella",9,5.5
"Shuttleworthia",8,5.5
"Succinispira",6,5.5
"Turicibacter",7,5.5
"Butyrivibrio",5,5.48058252427184
"Eggerthella",7,5.42857142857143
"Christensenella",4,5.4
"Erysipelatoclostridium",5,5.4
"Caldicoprobacter",3,5.375
"Kandleria",3,5.375
"Selenomonas",8,5.35714285714286
"Eggerthella",4,5.33333333333333
"Acidaminococcus",5,5.3030303030303
"Butyrivibrio",7,5.29411764705882
"Acidaminococcus",7,5.28571428571429
"Sellimonas",3,5.28571428571429
"Anaerovorax",4,5.25
"Desulfitobacterium",8,5.25
"Butyrivibrio",6,5.21875
"Dysgonomonas",8,5.16666666666667
"Oribacterium",3,5.16393442622951
"Defluviitalea",3,5.125
"Robinsoniella",6,5.11111111111111
"Shigella",5,5.04
"Acetanaerobacterium",13,5
"Acetobacterium",8,5
"Acetonema",7,5
"Anaeroarcus",6,5
"Anaeroarcus",8,5
"Anaerofustis",10,5
"Anaerosporomusa",9,5
"Anaerovibrio",8,5
"Caldanaerobius",8,5
"Clostridiisalibacter",9,5
"Corallococcus",8,5
"Defluviitalea",10,5
"Dehalobacter",3,5
"Dielma",8,5
"Diplosphaera",8,5
"Eggerthella",10,5
"Fervidicella",7,5
"Fervidicella",10,5
"Finegoldia",8,5
"Fretibacterium",3,5
"Fretibacterium",7,5
"Fretibacterium",10,5
"Fusibacter",9,5
"Geosporobacter",10,5
"Johnsonella",10,5
"Kandleria",9,5
"Kandleria",13,5
"Klebsiella",13,5
"Lachnobacterium",3,5
"Levyella",7,5
"Macellibacteroides",7,5
"Mageeibacillus",10,5
"Mahella",13,5
"Megamonas",7,5
"Mycoplasma",5,5
"Peptoanaerobacter",7,5
"Peptoanaerobacter",8,5
"Pontibacter",3,5
"Propionispira",8,5
"Proteiniborus",8,5
"Proteiniborus",9,5
"Proteiniphilum",7,5
"Pseudobacteroides",8,5
"Robinsoniella",13,5
"Romboutsia",7,5
"Sedimentibacter",8,5
"Sedimentibacter",9,5
"Sellimonas",10,5
"Sharpea",13,5
"Solobacterium",7,5
"Sporanaerobacter",8,5
"Sporomusa",6,5
"Succinispira",5,5
"Succinispira",9,5
"Syntrophobotulus",8,5
"Tannerella",7,5
"Robinsoniella",5,4.94444444444444
"Acidaminococcus",6,4.92857142857143
"Rikenella",3,4.91666666666667
"Butyrivibrio",13,4.89655172413793
"Oribacterium",10,4.88888888888889
"Eggerthella",3,4.86111111111111
"Sellimonas",5,4.83333333333333
"Sporanaerobacter",5,4.83333333333333
"Succinispira",4,4.83333333333333
"Herbinix",5,4.81818181818182
"Shigella",3,4.8125
"Erysipelatoclostridium",7,4.8
"Peptoanaerobacter",6,4.8
"Staphylococcus",5,4.78571428571429
"Eggerthella",5,4.77142857142857
"Kallipyga",3,4.75
"Lachnoanaerobaculum",9,4.75
"Megamonas",9,4.75
"Solobacterium",4,4.75
"Tannerella",8,4.75
"Pseudobutyrivibrio",5,4.73913043478261
"Anaerosporomusa",6,4.66666666666667
"Candidatus Stoquefichus",9,4.66666666666667
"Defluviitalea",6,4.66666666666667
"Haemophilus",8,4.66666666666667
"Haemophilus",13,4.66666666666667
"Herbinix",6,4.66666666666667
"Mageeibacillus",5,4.66666666666667
"Paraprevotella",10,4.66666666666667
"Robinsoniella",9,4.66666666666667
"Sphaerochaeta",8,4.66666666666667
"Staphylococcus",4,4.66666666666667
"Lactococcus",5,4.625
"Pseudobacteroides",4,4.625
"Stomatobaculum",3,4.625
"Cloacibacillus",6,4.6
"Gabonibacter",5,4.6
"Dielma",4,4.57142857142857
"Mageeibacillus",4,4.57142857142857
"Mahella",3,4.57142857142857
"Sanguibacteroides",3,4.57142857142857
"Desulfitobacterium",6,4.53846153846154
"Butyrivibrio",10,4.53125
"Erysipelatoclostridium",9,4.5
"Flexilinea",5,4.5
"Fusibacter",6,4.5
"Kallipyga",8,4.5
"Klebsiella",7,4.5
"Oribacterium",9,4.5
"Rikenella",9,4.5
"Succinivibrio",6,4.5
"Tepidanaerobacter",7,4.5
"Shigella",6,4.41666666666667
"Dysgonomonas",5,4.38461538461539
"Desulfosporosinus",7,4.375
"Megasphaera",9,4.375
"Sphaerochaeta",6,4.375
"Erysipelatoclostridium",4,4.36842105263158
"Peptoanaerobacter",5,4.36363636363636
"Candidatus Stoquefichus",7,4.33333333333333
"Faecalicoccus",5,4.33333333333333
"Faecalicoccus",6,4.33333333333333
"Mucinivorans",6,4.33333333333333
"Pseudobutyrivibrio",10,4.33333333333333
"Gorillibacterium",5,4.3
"Cellulosilyticum",3,4.26666666666667
"Butyrivibrio",3,4.26548672566372
"Collinsella",13,4.25
"Desulfitobacterium",7,4.25
"Eggerthella",9,4.25
"Erysipelatoclostridium",3,4.23684210526316
"Terrisporobacter",4,4.23076923076923
"Pseudobutyrivibrio",3,4.22448979591837
"Robinsoniella",4,4.21739130434783
"Robinsoniella",3,4.20833333333333
"Kallipyga",6,4.2
"Tannerella",13,4.2
"Enterococcus",8,4.17647058823529
"Oxobacter",5,4.16666666666667
"Butyrivibrio",4,4.15555555555556
"Proteiniclasticum",3,4.14285714285714
"Dielma",3,4.125
"Solobacterium",3,4.125
"Megasphaera",3,4.12307692307692
"Coprobacter",5,4.09090909090909
"Mycoplasma",6,4.09090909090909
"Dehalobacter",4,4.08695652173913
"Peptoanaerobacter",4,4.08333333333333
"Acetonema",8,4
"Allisonella",7,4
"Anaerofustis",3,4
"Anaeromusa",6,4
"Anaeromusa",8,4
"Anaeromusa",9,4
"Anaerosalibacter",8,4
"Anaerovibrio",13,4
"Anaerovorax",9,4
"Barnesiella",13,4
"Caldanaerobius",7,4
"Caldisalinibacter",10,4
"Candidatus Marispirochaeta",13,4
"Cellulosilyticum",9,4
"Cellulosilyticum",10,4
"Christensenella",13,4
"Dielma",13,4
"Diplosphaera",6,4
"Drancourtella",7,4
"Eggerthella",13,4
"Faecalibaculum",8,4
"Faecalicoccus",9,4
"Fervidicella",8,4
"Flexilinea",4,4
"Flexilinea",7,4
"Gorillibacterium",9,4
"Gracilibacter",7,4
"Halodesulfovibrio",13,4
"Herbinix",13,4
"Isosphaera",6,4
"Kallipyga",13,4
"Klebsiella",8,4
"Lachnobacterium",13,4
"Lactococcus",7,4
"Levyella",5,4
"Mahella",9,4
"Mastadenovirus",3,4
"Methanomicrobium",3,4
"Moorea",4,4
"Mucinivorans",9,4
"Mucinivorans",10,4
"Murdochiella",13,4
"Natronincola",8,4
"Oxalobacter",8,4
"Oxalobacter",9,4
"Pelosinus",6,4
"Pelosinus",8,4
"Peptoanaerobacter",3,4
"Peptoclostridium",7,4
"Peptoclostridium",8,4
"Phycisphaera",6,4
"Pontibacter",7,4
"Propionispora",10,4
"Proteiniclasticum",6,4
"Proteiniclasticum",9,4
"Sedimentibacter",3,4
"Senegalimassilia",6,4
"Sharpea",7,4
"Sinorhizobium",9,4
"Solitalea",6,4
"Stomatobaculum",9,4
"Succinatimonas",13,4
"Succiniclasticum",8,4
"Synergistes",6,4
"Tepidanaerobacter",6,4
"Tepidimicrobium",7,4
"Terrisporobacter",5,4
"Terrisporobacter",10,4
"Turicibacter",10,4
"Desulfitobacterium",5,3.96153846153846
"Desulfovibrio",9,3.875
"Enterococcus",9,3.875
"Tannerella",4,3.84848484848485
"Acidaminobacter",5,3.83333333333333
"Caldisalinibacter",5,3.83333333333333
"Rikenella",4,3.83333333333333
"Acidaminococcus",4,3.82
"Anaerosporomusa",4,3.8
"Cellulosilyticum",4,3.8
"Desulfovibrio",13,3.8
"Pseudoramibacter",4,3.8
"Tepidimicrobium",5,3.8
"Herbinix",3,3.78571428571429
"Candidatus Symbiothrix",5,3.75
"Flexilinea",3,3.75
"Kandleria",4,3.75
"Megasphaera",5,3.72131147540984
"Mycoplasma",8,3.71428571428571
"Butyrivibrio",9,3.6969696969697
"Streptococcus",5,3.66867469879518
"Caldanaerobius",6,3.66666666666667
"Caldisalinibacter",6,3.66666666666667
"Candidatus Marispirochaeta",6,3.66666666666667
"Fervidicella",6,3.66666666666667
"Kallipyga",5,3.66666666666667
"Sellimonas",6,3.66666666666667
"Senegalimassilia",3,3.66666666666667
"Coprobacter",3,3.63636363636364
"Selenomonas",13,3.63636363636364
"Oxobacter",3,3.625
"Stomatobaculum",4,3.625
"Alloprevotella",6,3.6
"Desulfatirhabdium",5,3.6
"Fervidicella",5,3.6
"Catabacter",3,3.57142857142857
"Parvimonas",4,3.57142857142857
"Coprobacter",4,3.53846153846154
"Anaeroarcus",4,3.5
"Barnesiella",7,3.5
"Caloranaerobacter",8,3.5
"Chthonomonas",6,3.5
"Coprobacter",8,3.5
"Faecalibaculum",6,3.5
"Fusobacterium",7,3.5
"Gabonibacter",3,3.5
"Gabonibacter",4,3.5
"Herbinix",7,3.5
"Herbinix",9,3.5
"Natronincola",7,3.5
"Niabella",10,3.5
"Parasutterella",13,3.5
"Sharpea",3,3.5
"Sporanaerobacter",4,3.5
"Synergistes",8,3.5
"Syntrophobacter",6,3.5
"Acholeplasma",5,3.47058823529412
"Desulfovibrio",8,3.44444444444444
"Mageeibacillus",3,3.42857142857143
"Natronincola",5,3.41666666666667
"Desulfitibacter",6,3.4
"Dysgonomonas",6,3.4
"Dysgonomonas",7,3.4
"Erysipelatoclostridium",10,3.4
"Faecalicoccus",4,3.4
"Fusibacter",5,3.4
"Gordonibacter",3,3.4
"Macellibacteroides",4,3.4
"Proteiniclasticum",4,3.4
"Sphaerochaeta",5,3.4
"Lactococcus",3,3.375
"Desulfitobacterium",4,3.35714285714286
"Enterococcus",4,3.35483870967742
"Acidaminococcus",3,3.34210526315789
"Acetonema",6,3.33333333333333
"Allobaculum",6,3.33333333333333
"Anaerosalibacter",6,3.33333333333333
"Dehalococcoides",5,3.33333333333333
"Desulfobulbus",6,3.33333333333333
"Fusobacterium",8,3.33333333333333
"Gracilibacter",6,3.33333333333333
"Porphyromonas",7,3.33333333333333
"Proteiniborus",3,3.33333333333333
"Sporomusa",3,3.33333333333333
"Desulfitobacterium",3,3.30769230769231
"Catabacter",4,3.28571428571429
"Selenomonas",5,3.28235294117647
"Acetobacterium",5,3.27272727272727
"Enterococcus",6,3.25581395348837
"Acidaminococcus",10,3.25
"Desulfitobacterium",13,3.25
"Erysipelatoclostridium",13,3.25
"Filifactor",5,3.25
"Geosporobacter",4,3.25
"Sedimentibacter",4,3.25
"Sharpea",4,3.25
"Sutterella",13,3.25
"Syntrophaceticus",5,3.25
"Megasphaera",6,3.22222222222222
"Dehalobacter",10,3.2
"Oxalobacter",5,3.2
"Treponema",8,3.1875
"Synergistes",5,3.18181818181818
"Streptococcus",7,3.17857142857143
"Allobaculum",5,3.16666666666667
"Megasphaera",13,3.16666666666667
"Pseudoramibacter",5,3.16666666666667
"Pseudobutyrivibrio",7,3.11111111111111
"Desulfosporosinus",5,3.09259259259259
"Streptococcus",10,3.09090909090909
"Tepidanaerobacter",5,3.09090909090909
"Enterococcus",5,3.0125
"Acetobacterium",6,3
"Acetonema",10,3
"Acholeplasma",8,3
"Acidaminobacter",6,3
"Acidaminobacter",13,3
"Acidaminococcus",13,3
"Alkaliphilus",8,3
"Allobaculum",7,3
"Allomyces",8,3
"Aminobacterium",8,3
"Anaeroarcus",5,3
"Anaerofustis",8,3
"Anaeromusa",7,3
"Anaerophaga",4,3
"Anaerosporomusa",5,3
"Anaerovorax",10,3
"Caldanaerobius",10,3
"Caldanaerobius",13,3
"Caloramator",7,3
"Caloranaerobacter",9,3
"Caloranaerobacter",10,3
"Candidatus Magnetomorum",3,3
"Candidatus Magnetomorum",5,3
"Candidatus Marispirochaeta",7,3
"Candidatus Marispirochaeta",10,3
"Catabacter",9,3
"Cellulosilyticum",13,3
"Centipeda",8,3
"Clostridiisalibacter",6,3
"Clostridiisalibacter",8,3
"Clostridiisalibacter",13,3
"Coprobacter",9,3
"Corallococcus",10,3
"Dehalococcoides",7,3
"Dehalococcoides",8,3
"Desulfococcus",6,3
"Desulfococcus",8,3
"Desulfoluna",6,3
"Desulfosporosinus",8,3
"Dethiobacter",7,3
"Draconibacterium",8,3
"Drancourtella",13,3
"Dysgonomonas",9,3
"Eggerthia",7,3
"Enterococcus",7,3
"Enterocytozoon",8,3
"Faecalibaculum",5,3
"Fibrella",8,3
"Fibrobacter",13,3
"Filifactor",6,3
"Filifactor",8,3
"Filifactor",9,3
"Fimbriimonas",6,3
"Flexilinea",13,3
"Fusibacter",7,3
"Fusibacter",8,3
"Gabonibacter",7,3
"Geosporobacter",7,3
"Gilliamella",8,3
"Gimesia",8,3
"Gordonibacter",7,3
"Gorillibacterium",6,3
"Gottschalkia",10,3
"Hallella",6,3
"Haloferula",8,3
"Herbaspirillum",10,3
"Herbinix",4,3
"Intestinibacter",9,3
"Kouleothrix",10,3
"Kouleothrix",13,3
"Labilibacter",4,3
"Labilibacter",9,3
"Lactococcus",6,3
"Limnohabitans",3,3
"Macellibacteroides",3,3
"Macellibacteroides",10,3
"Marinilabilia",8,3
"Megasphaera",10,3
"Methanocorpusculum",13,3
"Microbacterium",3,3
"Microcystis",8,3
"Mucinivorans",3,3
"Mucinivorans",13,3
"Murdochiella",7,3
"Murdochiella",8,3
"Murdochiella",9,3
"Murdochiella",10,3
"Natronincola",6,3
"Niastella",8,3
"Nitratifractor",3,3
"Nitratifractor",13,3
"Nitrosospira",6,3
"Ornithobacterium",8,3
"Ornithobacterium",9,3
"Oxalobacter",7,3
"Oxobacter",10,3
"Oxobacter",13,3
"Paludibacter",10,3
"Parvimonas",7,3
"Pelosinus",7,3
"Pelosinus",10,3
"Pelosinus",13,3
"Peptoclostridium",4,3
"Peptoclostridium",9,3
"Peptococcus",8,3
"Pontibacter",9,3
"Porphyromonas",13,3
"Proteiniclasticum",7,3
"Proteiniclasticum",13,3
"Proteiniphilum",9,3
"Proteocatella",7,3
"Proteocatella",8,3
"Pseudoramibacter",7,3
"Pseudoramibacter",10,3
"Robinsoniella",7,3
"Ruminobacter",8,3
"Salinibacter",6,3
"Sediminispirochaeta",6,3
"Selenomonas",6,3
"Sellimonas",7,3
"Sharpea",6,3
"Sharpea",10,3
"Singulisphaera",6,3
"Singulisphaera",8,3
"Solirubrobacter",4,3
"Spizellomyces",10,3
"Sporanaerobacter",7,3
"Sporanaerobacter",9,3
"Sporanaerobacter",10,3
"Stenoxybacter",5,3
"Stomatobaculum",10,3
"Succiniclasticum",7,3
"Succinispira",10,3
"Sunxiuqinia",6,3
"Synergistes",9,3
"Syntrophaceticus",8,3
"Syntrophobotulus",6,3
"Syntrophothermus",5,3
"Syntrophus",6,3
"Tepidanaerobacter",8,3
"Tepidimicrobium",8,3
"Terrisporobacter",8,3
"Thermoanaerobacterium",7,3
"Thiohalocapsa",6,3
"Thiohalocapsa",8,3
"Turicibacter",13,3
"Treponema",6,2.98076923076923
"Porphyromonas",5,2.93181818181818
"Megasphaera",4,2.90277777777778
"Cloacibacillus",5,2.88888888888889
"Desulfovibrio",6,2.88888888888889
"Fusobacterium",9,2.88888888888889
"Porphyromonas",4,2.87755102040816
"Desulfosporosinus",10,2.875
"Pseudobutyrivibrio",6,2.86363636363636
"Acidaminobacter",4,2.85714285714286
"Alloprevotella",3,2.85714285714286
"Geosporobacter",3,2.85714285714286
"Tepidimicrobium",4,2.85714285714286
"Porphyromonas",3,2.84444444444444
"Clostridiisalibacter",5,2.83333333333333
"Desulfosporosinus",6,2.83333333333333
"Fusobacterium",5,2.82758620689655
"Acholeplasma",6,2.81818181818182
"Peptoclostridium",5,2.81818181818182
"Propionispira",5,2.81818181818182
"Synergistes",4,2.81818181818182
"Methanomassiliicoccus",6,2.8
"Mucinivorans",4,2.8
"Succinatimonas",6,2.8
"Pseudobutyrivibrio",4,2.79310344827586
"Treponema",5,2.76388888888889
"Allobaculum",4,2.75
"Allomyces",3,2.75
"Caloranaerobacter",6,2.75
"Faecalicoccus",3,2.75
"Mitsuokella",5,2.75
"Proteiniphilum",3,2.75
"Syntrophobotulus",4,2.75
"Treponema",13,2.75
"Enterococcus",3,2.74468085106383
"Desulfovibrio",3,2.72222222222222
"Alkaliphilus",6,2.7
"Lysinibacillus",6,2.7
"Turicibacter",4,2.7
"Fusobacterium",6,2.67857142857143
"Acholeplasma",3,2.66666666666667
"Caloranaerobacter",5,2.66666666666667
"Campylobacter",7,2.66666666666667
"Campylobacter",8,2.66666666666667
"Chrysiogenes",6,2.66666666666667
"Clostridiisalibacter",3,2.66666666666667
"Comamonas",5,2.66666666666667
"Enterococcus",13,2.66666666666667
"Epulopiscium",6,2.66666666666667
"Faecalibaculum",3,2.66666666666667
"Fusobacterium",10,2.66666666666667
"Haloferula",6,2.66666666666667
"Haloplasma",3,2.66666666666667
"Ornithobacterium",6,2.66666666666667
"Porphyromonas",6,2.66666666666667
"Proteiniphilum",6,2.66666666666667
"Proteocatella",6,2.66666666666667
"Serratia",5,2.66666666666667
"Sphaerochaeta",9,2.66666666666667
"Staphylococcus",10,2.66666666666667
"Streptococcus",8,2.65217391304348
"Desulfovibrio",10,2.63636363636364
"Olsenella",6,2.63157894736842
"Oxobacter",4,2.625
"Pseudoramibacter",3,2.625
"Selenomonas",7,2.625
"Acetonema",5,2.6
"Lactococcus",4,2.6
"Peptostreptococcus",8,2.6
"Senegalimassilia",4,2.6
"Sphaerochaeta",4,2.6
"Streptococcus",13,2.6
"Mitsuokella",4,2.58333333333333
"Tepidanaerobacter",3,2.58333333333333
"Anaerosalibacter",4,2.57142857142857
"Gilliamella",4,2.57142857142857
"Proteiniborus",4,2.57142857142857
"Selenomonas",4,2.57142857142857
"Olsenella",8,2.55555555555556
"Parvimonas",5,2.55555555555556
"Prevotella",13,2.54166666666667
"Gottschalkia",5,2.53333333333333
"Alkaliphilus",4,2.52941176470588
"Olsenella",4,2.52631578947368
"Selenomonas",3,2.51190476190476
"Acetonema",4,2.5
"Adlercreutzia",6,2.5
"Allomyces",5,2.5
"Caldanaerobius",5,2.5
"Candidatus Marispirochaeta",4,2.5
"Centipeda",6,2.5
"Cloacibacillus",9,2.5
"Cloacibacillus",13,2.5
"Coriobacterium",4,2.5
"Desulfatiglans",6,2.5
"Desulfomicrobium",4,2.5
"Desulfotomaculum",8,2.5
"Dethiobacter",6,2.5
"Draconibacterium",10,2.5
"Epulopiscium",3,2.5
"Faecalibaculum",4,2.5
"Gorillibacterium",7,2.5
"Gottschalkia",7,2.5
"Gracilibacter",5,2.5
"Ilyobacter",6,2.5
"Listeria",6,2.5
"Microbacterium",9,2.5
"Murdochiella",5,2.5
"Natronincola",10,2.5
"Peptoclostridium",3,2.5
"Pirellula",6,2.5
"Planctomyces",6,2.5
"Planctomyces",8,2.5
"Pontibacter",8,2.5
"Propionispira",7,2.5
"Propionispira",9,2.5
"Propionispira",10,2.5
"Propionispira",13,2.5
"Propionispora",8,2.5
"Rikenella",13,2.5
"Sediminispirochaeta",7,2.5
"Sediminispirochaeta",8,2.5
"Sediminispirochaeta",9,2.5
"Selenomonas",9,2.5
"Slackia",13,2.5
"Sporolactobacillus",7,2.5
"Sunxiuqinia",4,2.5
"Synergistes",7,2.5
"Syntrophomonas",8,2.5
"Tepidanaerobacter",10,2.5
"Tepidanaerobacter",13,2.5
"Terrisporobacter",9,2.5
"Thermotalea",6,2.5
"Dysgonomonas",4,2.47222222222222
"Allobaculum",3,2.42857142857143
"Natronincola",3,2.42857142857143
"Pseudobutyrivibrio",9,2.42857142857143
"Staphylococcus",6,2.42857142857143
"Listeria",3,2.41176470588235
"Anaeromusa",5,2.4
"Anaerovibrio",5,2.4
"Dysgonomonas",10,2.4
"Enterocytozoon",5,2.4
"Fibrobacter",3,2.4
"Fibrobacter",5,2.4
"Pelosinus",5,2.4
"Peptoniphilus",9,2.4
"Succinimonas",5,2.4
"Tannerella",9,2.4
"Azospirillum",5,2.375
"Desulfosporosinus",9,2.375
"Dysgonomonas",3,2.375
"Sediminispirochaeta",3,2.375
"Synergistes",3,2.375
"Acetobacterium",3,2.35
"Lactobacillus",8,2.34782608695652
"Acetobacter",6,2.33333333333333
"Anaeroglobus",4,2.33333333333333
"Caldanaerobius",3,2.33333333333333
"Candidatus Marispirochaeta",5,2.33333333333333
"Cohnella",8,2.33333333333333
"Draconibacterium",6,2.33333333333333
"Enterorhabdus",6,2.33333333333333
"Fibrobacter",4,2.33333333333333
"Gardnerella",5,2.33333333333333
"Gilliamella",6,2.33333333333333
"Gordonibacter",4,2.33333333333333
"Jiangella",6,2.33333333333333
"Macellibacteroides",6,2.33333333333333
"Marinilabilia",5,2.33333333333333
"Mitsuokella",13,2.33333333333333
"Murdochiella",6,2.33333333333333
"Ruminobacter",6,2.33333333333333
"Succiniclasticum",6,2.33333333333333
"Syntrophobacter",4,2.33333333333333
"Tepidimicrobium",3,2.33333333333333
"Acetobacterium",4,2.31818181818182
"Caloramator",5,2.30769230769231
"Porphyromonas",9,2.3
"Sediminispirochaeta",5,2.3
"Desulfosporosinus",3,2.2962962962963
"Atopobium",5,2.28571428571429
"Desulfotomaculum",7,2.28571428571429
"Mitsuokella",6,2.28571428571429
"Olsenella",7,2.28571428571429
"Peptoniphilus",8,2.28571428571429
"Cloacibacillus",4,2.27272727272727
"Alkaliphilus",7,2.25
"Alloprevotella",5,2.25
"Chitinophaga",8,2.25
"Cloacibacillus",3,2.25
"Gilliamella",5,2.25
"Niabella",6,2.25
"Proteiniphilum",4,2.25
"Sinorhizobium",5,2.25
"Sporanaerobacter",3,2.25
"Syntrophomonas",5,2.25
"Turicibacter",6,2.25
"Prevotella",7,2.24390243902439
"Alkaliphilus",5,2.23809523809524
"Staphylococcus",3,2.23809523809524
"Terrisporobacter",3,2.23076923076923
"Desulfosporosinus",4,2.2089552238806
"Acholeplasma",10,2.2
"Acidaminobacter",3,2.2
"Desulfovibrio",7,2.2
"Enterocytozoon",4,2.2
"Fervidicella",3,2.2
"Gordonibacter",5,2.2
"Gorillibacterium",3,2.2
"Pluralibacter",4,2.2
"Porphyromonas",10,2.2
"Propionispora",4,2.2
"Slackia",5,2.2
"Turicibacter",3,2.2
"Brachyspira",5,2.17647058823529
"Olsenella",5,2.17647058823529
"Slackia",4,2.17647058823529
"Sphingobacterium",4,2.17647058823529
"Allomyces",4,2.16666666666667
"Anaerosalibacter",3,2.16666666666667
"Anaerosalibacter",5,2.16666666666667
"Cohnella",5,2.16666666666667
"Fervidicella",4,2.16666666666667
"Natronincola",4,2.16666666666667
"Peptoclostridium",6,2.16666666666667
"Peptococcus",3,2.16666666666667
"Runella",5,2.16666666666667
"Sediminispirochaeta",4,2.16666666666667
"Shuttleworthia",6,2.16666666666667
"Syntrophomonas",6,2.16666666666667
"Thermosinus",5,2.16666666666667
"Fusobacterium",3,2.14545454545455
"Acetonema",3,2.14285714285714
"Anaerofustis",4,2.14285714285714
"Brevibacillus",10,2.14285714285714
"Caldisalinibacter",3,2.14285714285714
"Desulfotomaculum",6,2.14285714285714
"Gilliamella",3,2.14285714285714
"Selenomonas",10,2.14285714285714
"Tepidanaerobacter",4,2.14285714285714
"Thalassobacillus",5,2.125
"Treponema",4,2.11904761904762
"Gorillibacterium",4,2.11111111111111
"Slackia",6,2.1
"Succinatimonas",5,2.1
"Lactobacillus",5,2.09574468085106
"Caloramator",3,2.09090909090909
"Atopobium",4,2.08333333333333
"Lactobacillus",9,2.07692307692308
"Treponema",9,2.07692307692308
"Treponema",3,2.06493506493507
"Peptostreptococcus",3,2.05882352941176
"Acetobacter",8,2
"Acetobacterium",7,2
"Acetobacterium",13,2
"Acetonema",9,2
"Acetonema",13,2
"Acidaminobacter",9,2
"Acidaminobacter",10,2
"Acidiphilium",7,2
"Actinoplanes",4,2
"Actinoplanes",5,2
"Adlercreutzia",5,2
"Adlercreutzia",8,2
"Adlercreutzia",9,2
"Aequorivita",5,2
"Aeribacillus",8,2
"Aerococcus",7,2
"Aeromonas",10,2
"Aggregatibacter",4,2
"Ahrensia",7,2
"Ahrensia",10,2
"Algoriphagus",9,2
"Alkalibacterium",7,2
"Alkalibacterium",9,2
"Alkaliphilus",9,2
"Alkaliphilus",10,2
"Allisonella",13,2
"Allobaculum",9,2
"Allobaculum",13,2
"Allomyces",6,2
"Alloprevotella",4,2
"Alloscardovia",8,2
"Aminobacterium",6,2
"Amphibacillus",8,2
"Anaerobiospirillum",8,2
"Anaerofustis",6,2
"Anaerofustis",9,2
"Anaeroglobus",7,2
"Anaerolinea",6,2
"Anaerosalibacter",7,2
"Anaerosalibacter",13,2
"Anaerovibrio",10,2
"Anditalea",6,2
"Anoxybacillus",10,2
"Azospirillum",3,2
"Azospirillum",7,2
"Balneola",6,2
"Batrachochytrium",10,2
"Bhargavaea",7,2
"Bibersteinia",5,2
"Bibersteinia",8,2
"Brevibacillus",13,2
"Bulleidia",10,2
"Caldanaerobius",9,2
"Caldisalinibacter",8,2
"Caldisalinibacter",9,2
"Caloranaerobacter",13,2
"Candidatus Arthromitus",8,2
"Candidatus Izimaplasma",6,2
"Candidatus Marithrix",5,2
"Candidatus Marithrix",8,2
"Candidatus Methanoplasma",5,2
"Candidatus Methanoplasma",7,2
"Candidatus Methanoplasma",8,2
"Candidatus Solibacter",10,2
"Candidatus Symbiothrix",6,2
"Candidatus Symbiothrix",7,2
"Cellvibrio",9,2
"Centipeda",13,2
"Chlorobium",3,2
"Chlorobium",5,2
"Chrysiogenes",10,2
"Chrysiogenes",13,2
"Chthonomonas",8,2
"Cloacibacillus",10,2
"Clostridiisalibacter",7,2
"Cohnella",9,2
"Cohnella",10,2
"Cohnella",13,2
"Comamonas",8,2
"Coprobacter",13,2
"Corallococcus",4,2
"Coriobacterium",5,2
"Defluviitalea",9,2
"Defluviitoga",6,2
"Dehalococcoides",4,2
"Dehalococcoides",9,2
"Delftia",4,2
"Delftia",7,2
"Denitrobacterium",7,2
"Denitrobacterium",8,2
"Desulfatirhabdium",3,2
"Desulfatirhabdium",6,2
"Desulfatitalea",3,2
"Desulfatitalea",6,2
"Desulfitibacter",7,2
"Desulfobacterium",6,2
"Desulfobacterium",8,2
"Desulfonatronum",8,2
"Desulfonatronum",13,2
"Desulfosporosinus",13,2
"Desulfotomaculum",5,2
"Desulfovirgula",6,2
"Desulfovirgula",7,2
"Drancourtella",8,2
"Echinicola",7,2
"Echinicola",9,2
"Echinicola",13,2
"Effusibacillus",9,2
"Effusibacillus",13,2
"Eggerthia",4,2
"Eggerthia",5,2
"Eggerthia",6,2
"Endomicrobium",9,2
"Enterocytozoon",6,2
"Epulopiscium",5,2
"Erysipelothrix",6,2
"Erysipelothrix",8,2
"Exiguobacterium",9,2
"Faecalicoccus",13,2
"Fermentimonas",7,2
"Fermentimonas",8,2
"Fervidobacterium",5,2
"Fibrella",10,2
"Filimonas",3,2
"Fimbriimonas",8,2
"Flexithrix",9,2
"Flexithrix",10,2
"Francisella",3,2
"Francisella",4,2
"Francisella",8,2
"Fusibacter",4,2
"Fusibacter",10,2
"Gabonibacter",8,2
"Gardnerella",4,2
"Gardnerella",6,2
"Gardnerella",7,2
"Gardnerella",9,2
"Geoalkalibacter",6,2
"Geobacter",10,2
"Geosporobacter",13,2
"Gilliamella",7,2
"Gilliamella",13,2
"Gonapodya",4,2
"Gonapodya",10,2
"Gordonibacter",9,2
"Gorillibacterium",10,2
"Gottschalkia",8,2
"Gracilibacter",4,2
"Gracilibacter",9,2
"Granulicatella",7,2
"Granulicatella",8,2
"Granulicatella",9,2
"Granulicatella",13,2
"Halanaerobium",8,2
"Hallella",5,2
"Halodesulfovibrio",9,2
"Halomonas",7,2
"Halomonas",13,2
"Haloplasma",6,2
"Heliobacterium",4,2
"Heliobacterium",8,2
"Hippea",4,2
"Hippea",5,2
"Holophaga",4,2
"Holophaga",6,2
"Ilyobacter",13,2
"Jejuia",10,2
"Jiangella",8,2
"Jonquetella",4,2
"Kallipyga",10,2
"Kandleria",10,2
"Kouleothrix",5,2
"Kyrpidia",3,2
"Kyrpidia",8,2
"Labilibacter",3,2
"Lactococcus",9,2
"Lactococcus",13,2
"Leadbetterella",3,2
"Leadbetterella",4,2
"Leadbetterella",9,2
"Lechevalieria",5,2
"Leeia",3,2
"Leeia",4,2
"Leeia",5,2
"Leeia",9,2
"Lentimicrobium",4,2
"Lentimicrobium",8,2
"Leucobacter",3,2
"Levyella",4,2
"Listeria",7,2
"Listeria",8,2
"Lutibacter",5,2
"Lutibacter",6,2
"Lysobacter",6,2
"Macellibacteroides",13,2
"Mageeibacillus",9,2
"Magnetococcus",4,2
"Mahella",7,2
"Marinifilum",6,2
"Marinifilum",10,2
"Marinilabilia",6,2
"Massilia",8,2
"Megamonas",10,2
"Methanocorpusculum",9,2
"Methanomassiliicoccus",3,2
"Methanomassiliicoccus",5,2
"Methanomassiliicoccus",7,2
"Methanomassiliicoccus",9,2
"Methanomicrobium",6,2
"Methanosarcina",9,2
"Methylobacter",9,2
"Mitsuokella",8,2
"Mobiluncus",8,2
"Mogibacterium",8,2
"Moorea",9,2
"Moorella",9,2
"Morganella",3,2
"Morganella",10,2
"Mucilaginibacter",9,2
"Mucinivorans",7,2
"Mucinivorans",8,2
"Mycobacterium",6,2
"Mycobacterium",8,2
"Mycoplasma",4,2
"Nafulsella",8,2
"Natranaerobius",7,2
"Natranaerobius",9,2
"Natranaerobius",13,2
"Natronincola",13,2
"Niabella",8,2
"Niabella",9,2
"Niastella",3,2
"Nitrosococcus",4,2
"Nodularia",3,2
"Nodularia",4,2
"Nodularia",5,2
"Nodularia",6,2
"Oblitimonas",8,2
"Oleiphilus",9,2
"Ornithobacterium",13,2
"Owenweeksia",5,2
"Oxalobacter",3,2
"Oxalobacter",4,2
"Oxalobacter",10,2
"Paenarthrobacter",4,2
"Paludibacter",9,2
"Paraburkholderia",9,2
"Paraprevotella",7,2
"Parvimonas",8,2
"Pasteurella",13,2
"Pelagirhabdus",6,2
"Pelobacter",8,2
"Pelodictyon",8,2
"Pelotomaculum",3,2
"Pelotomaculum",7,2
"Peptoanaerobacter",10,2
"Peptoanaerobacter",13,2
"Peptoclostridium",10,2
"Peptoclostridium",13,2
"Peptococcus",7,2
"Peptococcus",9,2
"Peptostreptococcus",7,2
"Petrimonas",4,2
"Petrotoga",4,2
"Phycisphaera",8,2
"Pluralibacter",10,2
"Pontibacillus",7,2
"Prolixibacter",5,2
"Prolixibacter",8,2
"Propionispora",7,2
"Proteiniphilum",5,2
"Pseudoalteromonas",7,2
"Psychrilyobacter",3,2
"Psychroserpens",8,2
"Rhizophagus",10,2
"Robinsoniella",10,2
"Rubinisphaera",6,2
"Rufibacter",5,2
"Runella",8,2
"Salinibacter",3,2
"Salinibacter",5,2
"Salinibacter",8,2
"Salinispira",6,2
"Salinispira",8,2
"Sebaldella",4,2
"Sedimentibacter",13,2
"Sediminispirochaeta",13,2
"Sellimonas",8,2
"Sellimonas",9,2
"Sellimonas",13,2
"Senegalimassilia",5,2
"Senegalimassilia",7,2
"Shewanella",8,2
"Shuttleworthia",10,2
"Sinorhizobium",4,2
"Sinorhizobium",7,2
"Smithella",10,2
"Solobacterium",10,2
"Solobacterium",13,2
"Sphingobacterium",8,2
"Spirosoma",10,2
"Spizellomyces",4,2
"Sporanaerobacter",13,2
"Sporolactobacillus",4,2
"Sporolactobacillus",6,2
"Sporolactobacillus",8,2
"Sporosarcina",8,2
"Staphylococcus",9,2
"Stenotrophomonas",8,2
"Stenotrophomonas",10,2
"Stenoxybacter",3,2
"Stenoxybacter",4,2
"Stenoxybacter",8,2
"Stenoxybacter",9,2
"Succinatimonas",8,2
"Succiniclasticum",4,2
"Succinispira",3,2
"Succinivibrio",4,2
"Succinivibrio",5,2
"Succinivibrio",7,2
"Succinivibrio",8,2
"Succinivibrio",10,2
"Synergistes",13,2
"Syntrophaceticus",7,2
"Syntrophaceticus",13,2
"Syntrophobacter",8,2
"Syntrophobotulus",5,2
"Syntrophothermus",3,2
"Syntrophus",7,2
"Tepidibacillus",9,2
"Tepidimicrobium",6,2
"Tepidimicrobium",9,2
"Thermoanaerobacter",9,2
"Thermoanaerobacter",13,2
"Thermoanaerobacterium",8,2
"Thermobaculum",8,2
"Thermobrachium",3,2
"Thermobrachium",4,2
"Thermophagus",6,2
"Thermosinus",6,2
"Thermosinus",8,2
"Thermosinus",9,2
"Thermosinus",10,2
"Thermosinus",13,2
"Thermotalea",3,2
"Thermotalea",9,2
"Thermovenabulum",6,2
"Thermovenabulum",8,2
"Thermovirga",3,2
"Thermovirga",8,2
"Thermovirga",9,2
"Thermovirga",10,2
"Thiomargarita",13,2
"Thiomonas",6,2
"Thioploca",4,2
"Tindallia",5,2
"Tindallia",9,2
"Treponema",10,2
"Tumebacillus",8,2
"Tumebacillus",9,2
"Turicibacter",9,2
"Uliginosibacterium",5,2
"Winogradskyella",5,2
"Xenococcus",6,2
"Lactobacillus",4,1.96666666666667
"Listeria",4,1.94117647058824
"Lactobacillus",6,1.94
"Peptostreptococcus",4,1.9375
"Peptostreptococcus",5,1.93333333333333
"Lactobacillus",7,1.92857142857143
"Lactobacillus",3,1.92405063291139
"Campylobacter",6,1.90909090909091
"Olsenella",3,1.90625
"Moorella",6,1.9
"Desulfitibacter",5,1.88888888888889
"Flavobacterium",8,1.88888888888889
"Niabella",5,1.88888888888889
"Lactobacillus",10,1.875
"Paenibacillus",10,1.86666666666667
"Caldanaerobius",4,1.85714285714286
"Caldisalinibacter",4,1.85714285714286
"Candidatus Marispirochaeta",3,1.85714285714286
"Desulfotomaculum",9,1.85714285714286
"Mogibacterium",5,1.85714285714286
"Succiniclasticum",3,1.85714285714286
"Anaerovibrio",6,1.83333333333333
"Centipeda",3,1.83333333333333
"Gardnerella",3,1.83333333333333
"Gottschalkia",3,1.83333333333333
"Leptotrichia",8,1.83333333333333
"Levyella",3,1.83333333333333
"Ornithobacterium",5,1.83333333333333
"Proteocatella",5,1.83333333333333
"Pseudobutyrivibrio",13,1.83333333333333
"Syntrophaceticus",3,1.83333333333333
"Thermotalea",5,1.83333333333333
"Listeria",5,1.82608695652174
"Propionispora",3,1.81818181818182
"Coraliomargarita",5,1.8
"Eggerthia",3,1.8
"Elizabethkingia",5,1.8
"Filimonas",5,1.8
"Fusibacter",3,1.8
"Granulicatella",6,1.8
"Porphyromonas",8,1.8
"Shuttleworthia",4,1.8
"Brevibacillus",6,1.78571428571429
"Propionispira",4,1.78571428571429
"Paenibacillus",5,1.78364116094987
"Paenibacillus",6,1.78199052132701
"Brevibacillus",8,1.77777777777778
"Caloranaerobacter",3,1.77777777777778
"Cohnella",6,1.77777777777778
"Sphaerochaeta",3,1.77777777777778
"Peptoniphilus",4,1.77272727272727
"Paenibacillus",8,1.77173913043478
"Treponema",7,1.76923076923077
"Peptoniphilus",6,1.76190476190476
"Acetobacterium",10,1.75
"Anaeroglobus",3,1.75
"Brachyspira",13,1.75
"Centipeda",5,1.75
"Chrysiogenes",5,1.75
"Effusibacillus",5,1.75
"Gracilibacter",3,1.75
"Haloplasma",5,1.75
"Mycobacterium",3,1.75
"Ornithobacterium",4,1.75
"Peptoniphilus",10,1.75
"Propionispora",5,1.75
"Syntrophaceticus",4,1.75
"Syntrophobotulus",3,1.75
"Thermotalea",4,1.75
"Trichococcus",3,1.75
"Trichococcus",4,1.75
"Verrucomicrobium",6,1.75
"Bacillus",8,1.72463768115942
"Campylobacter",5,1.72222222222222
"Brachyspira",6,1.71428571428571
"Draconibacterium",5,1.71428571428571
"Marinifilum",4,1.71428571428571
"Murdochiella",3,1.71428571428571
"Niabella",3,1.71428571428571
"Peptostreptococcus",6,1.71428571428571
"Succinatimonas",3,1.71428571428571
"Succinimonas",4,1.71428571428571
"Anaerovibrio",4,1.7
"Kallipyga",4,1.7
"Lactobacillus",13,1.69230769230769
"Sphingobacterium",6,1.69230769230769
"Desulfotomaculum",4,1.68292682926829
"Aerococcus",6,1.66666666666667
"Anaerobiospirillum",3,1.66666666666667
"Anaerolinea",3,1.66666666666667
"Anaerolinea",4,1.66666666666667
"Anaeromusa",3,1.66666666666667
"Aneurinibacillus",3,1.66666666666667
"Aneurinibacillus",5,1.66666666666667
"Brachyspira",3,1.66666666666667
"Brevibacillus",9,1.66666666666667
"Brochothrix",3,1.66666666666667
"Caloramator",6,1.66666666666667
"Caloramator",8,1.66666666666667
"Caloranaerobacter",4,1.66666666666667
"Campylobacter",3,1.66666666666667
"Candidatus Solibacter",3,1.66666666666667
"Candidatus Solibacter",5,1.66666666666667
"Chlorobium",4,1.66666666666667
"Dehalococcoides",3,1.66666666666667
"Desulfitibacter",3,1.66666666666667
"Desulfobulbus",8,1.66666666666667
"Enterorhabdus",4,1.66666666666667
"Finegoldia",6,1.66666666666667
"Geobacter",8,1.66666666666667
"Halonatronum",5,1.66666666666667
"Kyrpidia",5,1.66666666666667
"Leadbetterella",6,1.66666666666667
"Leucobacter",4,1.66666666666667
"Mogibacterium",10,1.66666666666667
"Niastella",5,1.66666666666667
"Olsenella",9,1.66666666666667
"Olsenella",10,1.66666666666667
"Pasteurella",5,1.66666666666667
"Peptococcus",6,1.66666666666667
"Propionispira",6,1.66666666666667
"Pseudoramibacter",6,1.66666666666667
"Runella",6,1.66666666666667
"Saccharicrinis",6,1.66666666666667
"Slackia",9,1.66666666666667
"Succinatimonas",4,1.66666666666667
"Succinimonas",6,1.66666666666667
"Thermobrachium",5,1.66666666666667
"Thermovirga",5,1.66666666666667
"Thermovirga",6,1.66666666666667
"Varibaculum",3,1.66666666666667
"Brevibacillus",5,1.6551724137931
"Peptoniphilus",5,1.63888888888889
"Granulicatella",3,1.63636363636364
"Mogibacterium",3,1.63636363636364
"Shuttleworthia",3,1.63636363636364
"Thermoanaerobacterium",3,1.63636363636364
"Bacillus",9,1.625
"Caldicellulosiruptor",8,1.625
"Desulfitibacter",4,1.625
"Elizabethkingia",3,1.625
"Granulicatella",4,1.625
"Spirochaeta",5,1.625
"Bacillus",5,1.62413793103448
"Anaeroglobus",5,1.6
"Anaerovibrio",3,1.6
"Brachyspira",8,1.6
"Campylobacter",4,1.6
"Desulfovirgula",5,1.6
"Mogibacterium",6,1.6
"Moorella",5,1.6
"Mycoplasma",9,1.6
"Ornithinibacillus",5,1.6
"Proteocatella",3,1.6
"Ruminobacter",3,1.6
"Ruminobacter",4,1.6
"Sinorhizobium",3,1.6
"Staphylococcus",8,1.6
"Tumebacillus",4,1.6
"Bacillus",6,1.59183673469388
"Brachyspira",4,1.59090909090909
"Paenibacillus",4,1.58638743455497
"Peptoniphilus",3,1.58139534883721
"Pedobacter",4,1.57894736842105
"Paenibacillus",7,1.57407407407407
"Alloscardovia",4,1.57142857142857
"Pelobacter",6,1.57142857142857
"Pontibacter",4,1.57142857142857
"Stenotrophomonas",5,1.57142857142857
"Alloscardovia",5,1.55555555555556
"Pelosinus",3,1.55555555555556
"Pelosinus",4,1.55555555555556
"Granulicatella",5,1.54545454545455
"Shuttleworthia",5,1.54545454545455
"Vibrio",5,1.54285714285714
"Desulfotomaculum",3,1.54
"Anaerococcus",5,1.53846153846154
"Chitinophaga",5,1.53846153846154
"Cohnella",3,1.53846153846154
"Caldicellulosiruptor",4,1.52173913043478
"Bacillus",13,1.51724137931034
"Acetoanaerobium",5,1.5
"Acetobacter",9,1.5
"Acholeplasma",4,1.5
"Acinetobacter",10,1.5
"Actinoplanes",6,1.5
"Adlercreutzia",4,1.5
"Aerococcus",5,1.5
"Aeromonas",6,1.5
"Aeromonas",8,1.5
"Aggregatibacter",10,1.5
"Ahrensia",5,1.5
"Alcanivorax",8,1.5
"Algoriphagus",4,1.5
"Alkalibacterium",6,1.5
"Alkaliflexus",3,1.5
"Allochromatium",5,1.5
"Allofustis",6,1.5
"Aminobacterium",7,1.5
"Anaerolinea",10,1.5
"Anaerophaga",5,1.5
"Anaerovibrio",7,1.5
"Anditalea",4,1.5
"Aquimarina",9,1.5
"Arenibacter",6,1.5
"Atopobium",13,1.5
"Azospirillum",8,1.5
"Azospirillum",10,1.5
"Bartonella",4,1.5
"Beauveria",4,1.5
"Bhargavaea",6,1.5
"Bordetella",8,1.5
"Brochothrix",5,1.5
"Calditerrivibrio",3,1.5
"Caloramator",4,1.5
"Campylobacter",10,1.5
"Candidatus Methanoplasma",3,1.5
"Candidatus Methanoplasma",4,1.5
"Candidatus Methanoplasma",6,1.5
"Candidatus Symbiothrix",3,1.5
"Carnobacterium",9,1.5
"Cellulophaga",9,1.5
"Cellvibrio",7,1.5
"Chrysiogenes",4,1.5
"Cohnella",7,1.5
"Coraliomargarita",4,1.5
"Cryptobacterium",4,1.5
"Cyclobacterium",6,1.5
"Cyclobacterium",8,1.5
"Deferrisoma",6,1.5
"Delftia",3,1.5
"Delftia",5,1.5
"Dendrosporobacter",6,1.5
"Desulfatibacillum",6,1.5
"Desulfatibacillum",8,1.5
"Desulfatirhabdium",4,1.5
"Desulfobacca",6,1.5
"Desulfobacter",5,1.5
"Desulfocarbo",6,1.5
"Desulfohalobium",6,1.5
"Desulfonatronum",3,1.5
"Desulfonauticus",4,1.5
"Desulfonauticus",5,1.5
"Desulfotignum",8,1.5
"Desulfurivibrio",5,1.5
"Dethiobacter",4,1.5
"Dethiobacter",5,1.5
"Dethiosulfatarculus",5,1.5
"Dickeya",4,1.5
"Echinicola",6,1.5
"Echinicola",10,1.5
"Edaphobacter",5,1.5
"Elizabethkingia",4,1.5
"Elizabethkingia",9,1.5
"Fermentimonas",5,1.5
"Fermentimonas",6,1.5
"Finegoldia",5,1.5
"Flammeovirga",6,1.5
"Flavobacterium",7,1.5
"Flexithrix",3,1.5
"Gallibacterium",7,1.5
"Gallibacterium",13,1.5
"Gardnerella",8,1.5
"Gemella",8,1.5
"Geminocystis",5,1.5
"Gemmata",8,1.5
"Gillisia",7,1.5
"Gonapodya",5,1.5
"Gorillibacterium",13,1.5
"Halanaerobium",9,1.5
"Haliscomenobacter",3,1.5
"Haliscomenobacter",5,1.5
"Halobacillus",7,1.5
"Herbaspirillum",6,1.5
"Herbaspirillum",8,1.5
"Jejuia",6,1.5
"Jeotgalibacillus",6,1.5
"Jiangella",4,1.5
"Jiangella",10,1.5
"Kallipyga",9,1.5
"Kluyvera",7,1.5
"Kluyvera",8,1.5
"Kouleothrix",4,1.5
"Kriegella",3,1.5
"Kurthia",8,1.5
"Lactococcus",10,1.5
"Lawsonia",5,1.5
"Leptospira",3,1.5
"Leptospira",7,1.5
"Leucobacter",6,1.5
"Lihuaxuella",6,1.5
"Listeria",10,1.5
"Longilinea",6,1.5
"Mesonia",3,1.5
"Mesonia",5,1.5
"Methanomassiliicoccus",4,1.5
"Methanomassiliicoccus",13,1.5
"Methanosarcina",8,1.5
"Methylococcus",6,1.5
"Microbacterium",5,1.5
"Mogibacterium",13,1.5
"Moorella",7,1.5
"Morganella",4,1.5
"Morganella",5,1.5
"Mucilaginibacter",7,1.5
"Mucilaginibacter",13,1.5
"Mycobacterium",5,1.5
"Myroides",4,1.5
"Natronincola",9,1.5
"Nonlabens",6,1.5
"Nonlabens",8,1.5
"Ochrobactrum",5,1.5
"Olivibacter",5,1.5
"Opitutus",6,1.5
"Ornithinibacillus",3,1.5
"Paraclostridium",8,1.5
"Paraclostridium",13,1.5
"Parapedobacter",6,1.5
"Parascardovia",4,1.5
"Pasteurella",3,1.5
"Pasteurella",4,1.5
"Pasteurella",9,1.5
"Pedosphaera",4,1.5
"Pelosinus",9,1.5
"Peptococcus",4,1.5
"Peptoniphilus",7,1.5
"Peptostreptococcus",9,1.5
"Petrimonas",5,1.5
"Phi29virus",8,1.5
"Photorhabdus",8,1.5
"Pluralibacter",3,1.5
"Propionispora",13,1.5
"Prosthecochloris",5,1.5
"Pseudoalteromonas",3,1.5
"Pseudoalteromonas",8,1.5
"Psychrilyobacter",4,1.5
"Rhizophagus",4,1.5
"Riemerella",6,1.5
"Rubrobacter",6,1.5
"Rufibacter",4,1.5
"Runella",3,1.5
"Saccharicrinis",5,1.5
"Sediminispirochaeta",10,1.5
"Shuttleworthia",7,1.5
"Shuttleworthia",9,1.5
"Shuttleworthia",13,1.5
"Sinorhizobium",6,1.5
"Sneathia",4,1.5
"Sneathia",5,1.5
"Sphaerochaeta",13,1.5
"Spirochaeta",7,1.5
"Spirochaeta",9,1.5
"Spirochaeta",13,1.5
"Spirosoma",4,1.5
"Spirosoma",6,1.5
"Sporosarcina",7,1.5
"Stenotrophomonas",13,1.5
"Stenoxybacter",6,1.5
"Succinivibrio",3,1.5
"Sulfurovum",6,1.5
"Synergistes",10,1.5
"Syntrophomonas",3,1.5
"Syntrophomonas",9,1.5
"Syntrophothermus",4,1.5
"Tamlana",5,1.5
"Terrisporobacter",7,1.5
"Thermoactinomyces",4,1.5
"Thermoactinomyces",5,1.5
"Thermoanaerobacterium",5,1.5
"Thermobaculum",6,1.5
"Thermobrachium",6,1.5
"Thermophagus",4,1.5
"Thermovirga",4,1.5
"Winogradskyella",3,1.5
"Xenorhabdus",4,1.5
"Paenibacillus",3,1.48329048843188
"Lysinibacillus",4,1.48
"Alkaliphilus",3,1.47619047619048
"Sphingobacterium",5,1.46666666666667
"Enterobacter",4,1.46153846153846
"Amphibacillus",5,1.44444444444444
"Draconibacterium",3,1.44444444444444
"Stenotrophomonas",4,1.44444444444444
"Centipeda",4,1.42857142857143
"Flavobacterium",13,1.42857142857143
"Jiangella",5,1.42857142857143
"Proteocatella",4,1.42857142857143
"Syntrophomonas",4,1.42857142857143
"Thermosinus",4,1.42857142857143
"Atopobium",3,1.41666666666667
"Cohnella",4,1.41666666666667
"Mitsuokella",3,1.41666666666667
"Mycoplasma",3,1.41176470588235
"Paenibacillus",13,1.41025641025641
"Actinobacillus",5,1.4
"Amphibacillus",6,1.4
"Anaerolinea",5,1.4
"Aneurinibacillus",6,1.4
"Brachyspira",9,1.4
"Caldicellulosiruptor",10,1.4
"Capnocytophaga",6,1.4
"Chitinophaga",4,1.4
"Desulfococcus",4,1.4
"Desulfotomaculum",13,1.4
"Draconibacterium",4,1.4
"Effusibacillus",3,1.4
"Enterobacter",5,1.4
"Epulopiscium",4,1.4
"Gillisia",5,1.4
"Kluyvera",5,1.4
"Methanosarcina",6,1.4
"Oceanobacillus",6,1.4
"Parachlamydia",5,1.4
"Parvimonas",6,1.4
"Planomicrobium",4,1.4
"Propionispora",6,1.4
"Riemerella",5,1.4
"Sphingobacterium",10,1.4
"Sporosarcina",3,1.4
"Streptobacillus",5,1.4
"Succiniclasticum",5,1.4
"Chitinophaga",3,1.38461538461538
"Methanosarcina",3,1.38461538461538
"Bacillus",3,1.38152610441767
"Bacillus",7,1.38
"Bacillus",4,1.37606837606838
"Alloscardovia",3,1.375
"Aneurinibacillus",4,1.375
"Bulleidia",4,1.375
"Geobacter",6,1.375
"Leptospira",6,1.375
"Ornithobacterium",3,1.375
"Pelobacter",4,1.375
"Methanosarcina",4,1.36363636363636
"Acinetobacter",3,1.35
"Actinopolymorpha",6,1.33333333333333
"Ahrensia",3,1.33333333333333
"Alkalibacterium",4,1.33333333333333
"Alkalibacterium",5,1.33333333333333
"Alkaliflexus",5,1.33333333333333
"Amphibacillus",3,1.33333333333333
"Amphibacillus",4,1.33333333333333
"Anaerobiospirillum",4,1.33333333333333
"Anaerococcus",7,1.33333333333333
"Anaerococcus",10,1.33333333333333
"Aquimarina",8,1.33333333333333
"Arenibacter",5,1.33333333333333
"Beauveria",6,1.33333333333333
"Beggiatoa",4,1.33333333333333
"Bulleidia",5,1.33333333333333
"Burkholderia",7,1.33333333333333
"Caldicellulosiruptor",5,1.33333333333333
"Caloramator",10,1.33333333333333
"Candidatus Entotheonella",6,1.33333333333333
"Candidatus Izimaplasma",5,1.33333333333333
"Candidatus Phaeomarinobacter",6,1.33333333333333
"Capnocytophaga",10,1.33333333333333
"Cellulophaga",5,1.33333333333333
"Cellvibrio",5,1.33333333333333
"Cetobacterium",6,1.33333333333333
"Chitinophaga",6,1.33333333333333
"Chlorobium",6,1.33333333333333
"Chryseobacterium",10,1.33333333333333
"Clostridiisalibacter",4,1.33333333333333
"Defluviitoga",5,1.33333333333333
"Dendrosporobacter",3,1.33333333333333
"Dendrosporobacter",5,1.33333333333333
"Denitrobacterium",6,1.33333333333333
"Desulfoluna",5,1.33333333333333
"Desulforegula",6,1.33333333333333
"Desulfotignum",6,1.33333333333333
"Desulfotomaculum",10,1.33333333333333
"Dethiosulfovibrio",4,1.33333333333333
"Echinicola",3,1.33333333333333
"Effusibacillus",6,1.33333333333333
"Endomicrobium",5,1.33333333333333
"Enorma",5,1.33333333333333
"Enterorhabdus",5,1.33333333333333
"Fermentimonas",4,1.33333333333333
"Filifactor",3,1.33333333333333
"Filimonas",4,1.33333333333333
"Finegoldia",3,1.33333333333333
"Flammeovirga",8,1.33333333333333
"Flexibacter",5,1.33333333333333
"Flexithrix",5,1.33333333333333
"Fontibacillus",4,1.33333333333333
"Gemella",6,1.33333333333333
"Geobacillus",4,1.33333333333333
"Geobacillus",8,1.33333333333333
"Geofilum",5,1.33333333333333
"Gordonibacter",6,1.33333333333333
"Gottschalkia",6,1.33333333333333
"Halomonas",4,1.33333333333333
"Halomonas",8,1.33333333333333
"Hymenobacter",5,1.33333333333333
"Hymenobacter",8,1.33333333333333
"Kouleothrix",3,1.33333333333333
"Ktedonobacter",6,1.33333333333333
"Leadbetterella",5,1.33333333333333
"Leptospira",5,1.33333333333333
"Leptotrichia",5,1.33333333333333
"Leptotrichia",6,1.33333333333333
"Methanoculleus",6,1.33333333333333
"Mitsuokella",9,1.33333333333333
"Mogibacterium",7,1.33333333333333
"Moorella",4,1.33333333333333
"Myroides",8,1.33333333333333
"Niastella",6,1.33333333333333
"Parachlamydia",3,1.33333333333333
"Parachlamydia",4,1.33333333333333
"Pedobacter",8,1.33333333333333
"Petrimonas",6,1.33333333333333
"Planomicrobium",3,1.33333333333333
"Pluralibacter",5,1.33333333333333
"Pseudoalteromonas",4,1.33333333333333
"Pseudoalteromonas",5,1.33333333333333
"Pseudosphingobacterium",5,1.33333333333333
"Runella",4,1.33333333333333
"Sebaldella",6,1.33333333333333
"Slackia",3,1.33333333333333
"Slackia",7,1.33333333333333
"Smithella",6,1.33333333333333
"Sphaerobacter",5,1.33333333333333
"Sphingobacterium",9,1.33333333333333
"Syntrophaceticus",6,1.33333333333333
"Tenacibaculum",4,1.33333333333333
"Thermobacillus",4,1.33333333333333
"Thermosipho",5,1.33333333333333
"Tindallia",4,1.33333333333333
"Tolypothrix",6,1.33333333333333
"Trueperella",6,1.33333333333333
"Tumebacillus",5,1.33333333333333
"Caldicellulosiruptor",3,1.31818181818182
"Aeromonas",3,1.3125
"Aeromonas",4,1.3125
"Flavobacterium",5,1.30555555555556
"Gallibacterium",5,1.3
"Chryseobacterium",8,1.28571428571429
"Denitrobacterium",4,1.28571428571429
"Dethiobacter",3,1.28571428571429
"Halanaerobium",5,1.28571428571429
"Herbaspirillum",5,1.28571428571429
"Murdochiella",4,1.28571428571429
"Paludibacter",5,1.28571428571429
"Pelobacter",5,1.28571428571429
"Planomicrobium",5,1.28571428571429
"Polaribacter",5,1.28571428571429
"Pontibacter",5,1.28571428571429
"Sporolactobacillus",5,1.28571428571429
"Thermoanaerobacterium",6,1.28571428571429
"Fusobacterium",13,1.27272727272727
"Methanosarcina",5,1.27272727272727
"Moorella",3,1.27272727272727
"Carnobacterium",4,1.26666666666667
"Chryseobacterium",3,1.26666666666667
"Pedobacter",3,1.26666666666667
"Acetobacterium",9,1.25
"Acinetobacter",7,1.25
"Alloscardovia",6,1.25
"Beauveria",5,1.25
"Bhargavaea",5,1.25
"Bordetella",4,1.25
"Brachyspira",7,1.25
"Bradyrhizobium",5,1.25
"Brevibacillus",7,1.25
"Candidatus Entotheonella",3,1.25
"Candidatus Izimaplasma",4,1.25
"Capnocytophaga",9,1.25
"Carnobacterium",3,1.25
"Comamonas",3,1.25
"Denitrobacterium",5,1.25
"Desulfococcus",5,1.25
"Desulfosarcina",6,1.25
"Enterocytozoon",3,1.25
"Erysipelothrix",4,1.25
"Erysipelothrix",5,1.25
"Flavihumibacter",5,1.25
"Fontibacillus",5,1.25
"Gemmata",6,1.25
"Geobacillus",3,1.25
"Geobacter",4,1.25
"Gillisia",3,1.25
"Gramella",4,1.25
"Halanaerobium",4,1.25
"Helcococcus",5,1.25
"Kaistia",5,1.25
"Lihuaxuella",4,1.25
"Marinifilum",5,1.25
"Myroides",6,1.25
"Nitrosospira",3,1.25
"Nonlabens",5,1.25
"Paenibacillus",9,1.25
"Paludibacter",4,1.25
"Paraclostridium",3,1.25
"Paraclostridium",6,1.25
"Peptococcus",5,1.25
"Photobacterium",4,1.25
"Polaribacter",4,1.25
"Polaribacter",8,1.25
"Prosthecochloris",4,1.25
"Pseudomonas",7,1.25
"Rhodopirellula",6,1.25
"Rubrobacter",4,1.25
"Shewanella",6,1.25
"Slackia",8,1.25
"Streptobacillus",3,1.25
"Sulfurovum",5,1.25
"Tenacibaculum",8,1.25
"Thermoanaerobacterium",4,1.25
"Thiomargarita",5,1.25
"Tumebacillus",3,1.25
"Vibrio",10,1.25
"Pseudomonas",4,1.24242424242424
"Chryseobacterium",5,1.23529411764706
"Propionispira",3,1.23076923076923
"Fictibacillus",4,1.22222222222222
"Gottschalkia",4,1.22222222222222
"Kluyvera",4,1.22222222222222
"Parvimonas",3,1.22222222222222
"Spirochaeta",3,1.22222222222222
"Stenotrophomonas",3,1.22222222222222
"Lysinibacillus",3,1.21739130434783
"Dyadobacter",5,1.21428571428571
"Caldicellulosiruptor",6,1.21052631578947
"Actinobacillus",3,1.2
"Actinobacillus",4,1.2
"Aerococcus",3,1.2
"Alicyclobacillus",8,1.2
"Atopobium",6,1.2
"Beauveria",3,1.2
"Burkholderia",8,1.2
"Caldicellulosiruptor",7,1.2
"Carnobacterium",6,1.2
"Cellvibrio",3,1.2
"Cetobacterium",4,1.2
"Chryseobacterium",4,1.2
"Chrysiogenes",3,1.2
"Denitrobacterium",3,1.2
"Facklamia",5,1.2
"Filifactor",4,1.2
"Halanaerobium",3,1.2
"Halobacillus",5,1.2
"Jeotgalibacillus",5,1.2
"Lysinibacillus",8,1.2
"Methylobacter",3,1.2
"Methylobacter",4,1.2
"Microcystis",4,1.2
"Mogibacterium",4,1.2
"Mucilaginibacter",5,1.2
"Mucilaginibacter",6,1.2
"Neisseria",8,1.2
"Olsenella",13,1.2
"Paludibacter",3,1.2
"Paraclostridium",4,1.2
"Polaribacter",6,1.2
"Pseudoalteromonas",6,1.2
"Pseudomonas",10,1.2
"Slackia",10,1.2
"Sporolactobacillus",3,1.2
"Tamlana",3,1.2
"Vibrio",8,1.2
"Bacillus",10,1.19148936170213
"Brevibacillus",3,1.18518518518519
"Alicyclobacillus",6,1.18181818181818
"Dyadobacter",3,1.18181818181818
"Gemella",5,1.18181818181818
"Herbaspirillum",4,1.18181818181818
"Methanobrevibacter",4,1.18181818181818
"Sporosarcina",5,1.18181818181818
"Flavobacterium",6,1.175
"Acinetobacter",8,1.16666666666667
"Burkholderia",5,1.16666666666667
"Desulfobulbus",4,1.16666666666667
"Exiguobacterium",4,1.16666666666667
"Facklamia",3,1.16666666666667
"Facklamia",4,1.16666666666667
"Fictibacillus",5,1.16666666666667
"Flavobacterium",10,1.16666666666667
"Geobacter",5,1.16666666666667
"Myroides",5,1.16666666666667
"Oceanobacillus",3,1.16666666666667
"Pedobacter",6,1.16666666666667
"Pseudomonas",9,1.16666666666667
"Ruminobacter",5,1.16666666666667
"Spirochaeta",4,1.16666666666667
"Stenotrophomonas",6,1.16666666666667
"Thermosinus",3,1.16666666666667
"Yersinia",5,1.16666666666667
"Pedobacter",5,1.15625
"Capnocytophaga",4,1.14814814814815
"Vibrio",3,1.14814814814815
"Alicyclobacillus",5,1.14285714285714
"Flavobacterium",3,1.14285714285714
"Gallibacterium",6,1.14285714285714
"Geobacillus",5,1.14285714285714
"Helicobacter",5,1.14285714285714
"Jiangella",3,1.14285714285714
"Neisseria",4,1.14285714285714
"Niabella",4,1.14285714285714
"Paraclostridium",5,1.14285714285714
"Photobacterium",5,1.14285714285714
"Spirochaeta",6,1.14285714285714
"Thermoanaerobacter",5,1.14285714285714
"Vibrio",9,1.14285714285714
"Alicyclobacillus",3,1.125
"Bulleidia",3,1.125
"Enterorhabdus",3,1.125
"Flammeovirga",3,1.125
"Flavobacterium",9,1.125
"Mycobacterium",4,1.125
"Pantoea",4,1.125
"Paraburkholderia",4,1.125
"Pedobacter",9,1.125
"Pedobacter",10,1.125
"Pontibacillus",4,1.125
"Brevibacillus",4,1.11764705882353
"Mucilaginibacter",4,1.11764705882353
"Bordetella",3,1.11111111111111
"Gracilibacillus",5,1.11111111111111
"Leptospira",4,1.11111111111111
"Pseudomonas",8,1.11111111111111
"Trichococcus",5,1.11111111111111
"Herbaspirillum",3,1.1
"Lysinibacillus",5,1.1
"Pseudomonas",5,1.1
"Vibrio",4,1.09677419354839
"Carnobacterium",5,1.0952380952381
"Flavobacterium",4,1.0952380952381
"Aquimarina",3,1.09090909090909
"Leptotrichia",3,1.09090909090909
"Sphingobacterium",3,1.09090909090909
"Pseudomonas",3,1.08571428571429
"Chryseobacterium",6,1.08333333333333
"Citrobacter",4,1.08333333333333
"Gallibacterium",4,1.08333333333333
"Leptotrichia",4,1.08333333333333
"Mucilaginibacter",3,1.08333333333333
"Capnocytophaga",5,1.06666666666667
"Anaerococcus",3,1.05882352941176
"Vibrio",6,1.05555555555556
"Pseudomonas",6,1.04545454545455
"Absidia",3,1
"Absidia",4,1
"Absidia",5,1
"Absidia",8,1
"Absidia",10,1
"Acaryochloris",4,1
"Acaryochloris",5,1
"Acetoanaerobium",3,1
"Acetoanaerobium",4,1
"Acetoanaerobium",6,1
"Acetoanaerobium",7,1
"Acetoanaerobium",8,1
"Acetoanaerobium",10,1
"Acetoanaerobium",13,1
"Acetobacter",3,1
"Acetobacter",5,1
"Acetobacter",7,1
"Acetobacter",10,1
"Acetobacter",13,1
"Acetomicrobium",3,1
"Acetomicrobium",4,1
"Acetomicrobium",5,1
"Acetomicrobium",6,1
"Acetomicrobium",8,1
"Acetomicrobium",9,1
"Acetomicrobium",10,1
"Acholeplasma",7,1
"Acholeplasma",9,1
"Acholeplasma",13,1
"Achromatium",4,1
"Achromatium",5,1
"Achromobacter",3,1
"Achromobacter",4,1
"Achromobacter",5,1
"Achromobacter",6,1
"Achromobacter",7,1
"Achromobacter",9,1
"Achromobacter",10,1
"Achromobacter",13,1
"Acidibacillus",5,1
"Acidibacillus",6,1
"Acidiferrobacter",4,1
"Acidiferrobacter",5,1
"Acidiphilium",9,1
"Acidiphilium",13,1
"Acidiplasma",3,1
"Acidiplasma",4,1
"Acidiplasma",5,1
"Acidiplasma",6,1
"Acidiplasma",7,1
"Acidiplasma",8,1
"Acidiplasma",10,1
"Acidithiobacillus",6,1
"Acidithiobacillus",8,1
"Acidobacterium",6,1
"Acidovorax",4,1
"Acidovorax",5,1
"Acidovorax",6,1
"Acidovorax",7,1
"Acidovorax",8,1
"Acidovorax",9,1
"Aciduliprofundum",6,1
"Acinetobacter",4,1
"Acinetobacter",5,1
"Acinetobacter",6,1
"Acinetobacter",9,1
"Acinetobacter",13,1
"Actinobacillus",6,1
"Actinobacillus",7,1
"Actinobacillus",8,1
"Actinobacillus",9,1
"Actinomadura",3,1
"Actinomadura",4,1
"Actinomadura",5,1
"Actinomyces",3,1
"Actinomyces",4,1
"Actinomyces",5,1
"Actinomyces",6,1
"Actinomyces",7,1
"Actinomyces",8,1
"Actinomyces",9,1
"Actinomyces",10,1
"Actinomyces",13,1
"Actinomycetospora",9,1
"Actinomycetospora",10,1
"Actinomycetospora",13,1
"Actinoplanes",9,1
"Actinopolymorpha",3,1
"Actinopolymorpha",4,1
"Actinopolymorpha",10,1
"Actinotignum",6,1
"Adhaeribacter",3,1
"Adhaeribacter",4,1
"Adhaeribacter",6,1
"Adhaeribacter",9,1
"Adhaeribacter",13,1
"Adlercreutzia",3,1
"Advenella",3,1
"Advenella",5,1
"Advenella",9,1
"Aequorivita",4,1
"Aequorivita",13,1
"Aeribacillus",3,1
"Aeribacillus",4,1
"Aeribacillus",5,1
"Aeribacillus",7,1
"Aerococcus",4,1
"Aerococcus",8,1
"Aerococcus",9,1
"Aerococcus",13,1
"Aeromonas",5,1
"Aeromonas",7,1
"Aestuariivita",5,1
"Aggregatibacter",3,1
"Aggregatibacter",5,1
"Aggregatibacter",6,1
"Aggregatibacter",9,1
"Agrobacterium",4,1
"Agrobacterium",5,1
"Agrobacterium",6,1
"Agrobacterium",7,1
"Agrobacterium",8,1
"Agrobacterium",9,1
"Agrobacterium",13,1
"Agrococcus",3,1
"Agrococcus",4,1
"Agrococcus",5,1
"Agrococcus",6,1
"Agrococcus",9,1
"Agromyces",6,1
"Agromyces",8,1
"Ahrensia",9,1
"Ahrensia",13,1
"Alcanivorax",3,1
"Alcanivorax",4,1
"Alcanivorax",5,1
"Algibacter",3,1
"Algibacter",4,1
"Algibacter",8,1
"Algoriphagus",3,1
"Algoriphagus",5,1
"Algoriphagus",6,1
"Algoriphagus",7,1
"Alicyclobacillus",4,1
"Alicyclobacillus",7,1
"Alicyclobacillus",9,1
"Alicyclobacillus",10,1
"Alicyclobacillus",13,1
"Aliiglaciecola",4,1
"Aliiglaciecola",5,1
"Aliiglaciecola",9,1
"Aliihoeflea",3,1
"Aliihoeflea",4,1
"Aliihoeflea",9,1
"Aliivibrio",3,1
"Aliivibrio",4,1
"Aliivibrio",5,1
"Aliivibrio",8,1
"Aliivibrio",13,1
"Alishewanella",3,1
"Alishewanella",4,1
"Alishewanella",5,1
"Alishewanella",7,1
"Alishewanella",9,1
"Alishewanella",13,1
"Alkalibacterium",3,1
"Alkalibacterium",8,1
"Alkaliflexus",4,1
"Alkaliflexus",6,1
"Alkaliflexus",10,1
"Alkaliflexus",13,1
"Alkalimonas",7,1
"Alkaliphilus",13,1
"Alkanindiges",8,1
"Allobaculum",10,1
"Allochromatium",6,1
"Allochromatium",8,1
"Allochromatium",9,1
"Allochromatium",13,1
"Allofustis",3,1
"Allofustis",4,1
"Allofustis",5,1
"Allofustis",9,1
"Alloiococcus",8,1
"Allomyces",10,1
"Alloprevotella",7,1
"Alteromonas",3,1
"Alteromonas",8,1
"Alysiella",4,1
"Alysiella",6,1
"Aminiphilus",3,1
"Aminiphilus",5,1
"Aminiphilus",7,1
"Aminiphilus",10,1
"Aminobacterium",3,1
"Aminobacterium",4,1
"Aminobacterium",5,1
"Aminobacterium",10,1
"Amphibacillus",7,1
"Amphibacillus",9,1
"Amycolatopsis",6,1
"Anabaena",3,1
"Anabaena",4,1
"Anaeroarcus",3,1
"Anaeroarcus",7,1
"Anaerobiospirillum",5,1
"Anaerobiospirillum",7,1
"Anaerobiospirillum",10,1
"Anaerobranca",4,1
"Anaerobranca",5,1
"Anaerobranca",7,1
"Anaerobranca",8,1
"Anaerobranca",10,1
"Anaerococcus",4,1
"Anaerococcus",6,1
"Anaerococcus",8,1
"Anaerococcus",13,1
"Anaerocolumna",3,1
"Anaerocolumna",5,1
"Anaerofustis",13,1
"Anaeroglobus",6,1
"Anaeroglobus",10,1
"Anaeroglobus",13,1
"Anaerolinea",8,1
"Anaeromusa",4,1
"Anaeromusa",10,1
"Anaeromyxobacter",6,1
"Anaeromyxobacter",8,1
"Anaerophaga",3,1
"Anaerophaga",6,1
"Anaerophaga",9,1
"Anaerophaga",10,1
"Anaerosporomusa",3,1
"Anaerosporomusa",10,1
"Anaerosporomusa",13,1
"Anaerovibrio",9,1
"Anditalea",3,1
"Anditalea",5,1
"Anditalea",13,1
"Aneurinibacillus",8,1
"Aneurinibacillus",9,1
"Aneurinibacillus",10,1
"Aneurinibacillus",13,1
"Anncaliia",3,1
"Anncaliia",4,1
"Anncaliia",6,1
"Anoxybacillus",3,1
"Anoxybacillus",4,1
"Anoxybacillus",5,1
"Anoxybacillus",6,1
"Anoxybacillus",7,1
"Anoxybacillus",13,1
"Aphanizomenon",4,1
"Apibacter",4,1
"Apibacter",5,1
"Apibacter",6,1
"Apibacter",10,1
"Apibacter",13,1
"Aquimarina",4,1
"Aquimarina",5,1
"Aquimarina",6,1
"Aquimarina",7,1
"Aquimarina",10,1
"Aquimarina",13,1
"Arachidicoccus",3,1
"Arachidicoccus",4,1
"Arachidicoccus",5,1
"Arachidicoccus",6,1
"Arcanobacterium",4,1
"Arcobacter",3,1
"Arcobacter",4,1
"Arcobacter",5,1
"Arcobacter",6,1
"Arcobacter",7,1
"Arcobacter",8,1
"Arcobacter",9,1
"Arcobacter",10,1
"Arcobacter",13,1
"Arcticibacter",3,1
"Arcticibacter",4,1
"Arcticibacter",5,1
"Arcticibacter",6,1
"Arcticibacter",9,1
"Arcticibacter",10,1
"Ardenticatena",5,1
"Arenibacter",3,1
"Arenibacter",4,1
"Arenibacter",7,1
"Arhodomonas",6,1
"Arthrobacter",3,1
"Arthrobacter",4,1
"Arthrobacter",5,1
"Arthrobacter",6,1
"Arthrobacter",7,1
"Arthrobacter",8,1
"Arthrobacter",9,1
"Arthrobacter",10,1
"Atopobium",7,1
"Atopobium",10,1
"Atopococcus",3,1
"Atopococcus",4,1
"Atopococcus",5,1
"Atopococcus",6,1
"Atopococcus",8,1
"Aureimonas",5,1
"Austwickia",5,1
"Austwickia",7,1
"Azoarcus",5,1
"Azoarcus",6,1
"Azohydromonas",5,1
"Azonexus",4,1
"Azonexus",6,1
"Azonexus",8,1
"Azospira",3,1
"Azospira",4,1
"Azospira",5,1
"Azospira",6,1
"Azospira",7,1
"Azospira",8,1
"Azospira",10,1
"Azotobacter",4,1
"Azotobacter",8,1
"Azotobacter",9,1
"Bacteriovorax",4,1
"Bacteriovorax",5,1
"Badnavirus",4,1
"Balneola",3,1
"Balneola",4,1
"Balneola",5,1
"Balneola",7,1
"Balneola",10,1
"Bartonella",3,1
"Bartonella",5,1
"Bartonella",10,1
"Batrachochytrium",5,1
"Bavariicoccus",3,1
"Bavariicoccus",8,1
"Bc431virus",3,1
"Bc431virus",5,1
"Bc431virus",6,1
"Bc431virus",7,1
"Bdellovibrio",6,1
"Bdellovibrio",8,1
"Beauveria",9,1
"Beauveria",10,1
"Beggiatoa",5,1
"Beggiatoa",6,1
"Bellilinea",5,1
"Bellilinea",6,1
"Bellilinea",7,1
"Bergeriella",4,1
"Bergeyella",6,1
"Bergeyella",8,1
"Betaentomopoxvirus",10,1
"Beutenbergia",5,1
"Bhargavaea",3,1
"Bhargavaea",4,1
"Bhargavaea",9,1
"Bhargavaea",10,1
"Bibersteinia",3,1
"Bibersteinia",4,1
"Bibersteinia",6,1
"Bibersteinia",10,1
"Bizionia",4,1
"Bizionia",5,1
"Bizionia",9,1
"Blastopirellula",8,1
"Bordetella",5,1
"Bordetella",6,1
"Bordetella",7,1
"Bordetella",9,1
"Bordetella",10,1
"Bordetella",13,1
"Bosea",3,1
"Bosea",4,1
"Bosea",5,1
"Bosea",6,1
"Bosea",7,1
"Bosea",8,1
"Bosea",10,1
"Brachymonas",8,1
"Brachyspira",10,1
"Bradyrhizobium",3,1
"Bradyrhizobium",4,1
"Bradyrhizobium",6,1
"Bradyrhizobium",10,1
"Brevibacterium",3,1
"Brevundimonas",8,1
"Brevundimonas",9,1
"Brochothrix",4,1
"Brochothrix",7,1
"Brochothrix",8,1
"Bulleidia",6,1
"Bulleidia",7,1
"Bulleidia",8,1
"Bulleidia",9,1
"Bulleidia",13,1
"Burkholderia",3,1
"Burkholderia",4,1
"Burkholderia",6,1
"Burkholderia",9,1
"Burkholderia",10,1
"Caballeronia",3,1
"Caedibacter",5,1
"Caenispirillum",3,1
"Caenispirillum",4,1
"Caenispirillum",5,1
"Caenispirillum",8,1
"Caldalkalibacillus",5,1
"Caldalkalibacillus",6,1
"Caldalkalibacillus",8,1
"Caldalkalibacillus",13,1
"Caldanaerobacter",3,1
"Caldanaerobacter",4,1
"Caldanaerobacter",5,1
"Caldanaerobacter",6,1
"Caldanaerobacter",10,1
"Caldibacillus",6,1
"Caldibacillus",9,1
"Caldicellulosiruptor",9,1
"Caldicellulosiruptor",13,1
"Caldisalinibacter",13,1
"Calditerricola",3,1
"Calditerricola",4,1
"Calditerricola",5,1
"Calditerricola",6,1
"Calditerricola",9,1
"Calditerricola",13,1
"Calditerrivibrio",4,1
"Calditerrivibrio",5,1
"Calditerrivibrio",6,1
"Caldithrix",3,1
"Caldithrix",4,1
"Caldithrix",5,1
"Caldithrix",6,1
"Caloramator",9,1
"Caloranaerobacter",7,1
"Calothrix",3,1
"Calothrix",4,1
"Calothrix",5,1
"Calothrix",6,1
"Campylobacter",9,1
"Campylobacter",13,1
"Candidatus Accumulibacter",3,1
"Candidatus Accumulibacter",4,1
"Candidatus Accumulibacter",5,1
"Candidatus Accumulibacter",6,1
"Candidatus Accumulibacter",8,1
"Candidatus Accumulibacter",9,1
"Candidatus Accumulibacter",10,1
"Candidatus Amoebophilus",3,1
"Candidatus Amoebophilus",8,1
"Candidatus Amoebophilus",9,1
"Candidatus Aquiluna",5,1
"Candidatus Arthromitus",3,1
"Candidatus Arthromitus",4,1
"Candidatus Arthromitus",5,1
"Candidatus Arthromitus",6,1
"Candidatus Arthromitus",7,1
"Candidatus Atelocyanobacterium",4,1
"Candidatus Atelocyanobacterium",5,1
"Candidatus Brocadia",3,1
"Candidatus Brocadia",4,1
"Candidatus Brocadia",5,1
"Candidatus Brocadia",6,1
"Candidatus Brocadia",7,1
"Candidatus Brocadia",8,1
"Candidatus Cloacimonas",5,1
"Candidatus Cloacimonas",6,1
"Candidatus Cloacimonas",8,1
"Candidatus Desulfofervidus",5,1
"Candidatus Endobugula",9,1
"Candidatus Entotheonella",4,1
"Candidatus Entotheonella",5,1
"Candidatus Entotheonella",7,1
"Candidatus Entotheonella",8,1
"Candidatus Entotheonella",9,1
"Candidatus Entotheonella",13,1
"Candidatus Izimaplasma",3,1
"Candidatus Izimaplasma",8,1
"Candidatus Izimaplasma",9,1
"Candidatus Izimaplasma",10,1
"Candidatus Jettenia",3,1
"Candidatus Jettenia",5,1
"Candidatus Jettenia",7,1
"Candidatus Jettenia",8,1
"Candidatus Jidaibacter",4,1
"Candidatus Koribacter",4,1
"Candidatus Kryptonium",3,1
"Candidatus Kryptonium",5,1
"Candidatus Kryptonium",6,1
"Candidatus Kryptonium",9,1
"Candidatus Kuenenia",4,1
"Candidatus Kuenenia",5,1
"Candidatus Kuenenia",6,1
"Candidatus Kuenenia",7,1
"Candidatus Kuenenia",9,1
"Candidatus Kuenenia",10,1
"Candidatus Magnetobacterium",3,1
"Candidatus Magnetobacterium",5,1
"Candidatus Magnetobacterium",6,1
"Candidatus Magnetoglobus",3,1
"Candidatus Magnetoglobus",4,1
"Candidatus Magnetoglobus",5,1
"Candidatus Magnetomorum",4,1
"Candidatus Magnetomorum",6,1
"Candidatus Magnetomorum",8,1
"Candidatus Marispirochaeta",9,1
"Candidatus Marithrix",6,1
"Candidatus Methanomethylophilus",4,1
"Candidatus Methanomethylophilus",5,1
"Candidatus Methanomethylophilus",6,1
"Candidatus Methanomethylophilus",8,1
"Candidatus Methanomethylophilus",9,1
"Candidatus Methanoperedens",3,1
"Candidatus Methanoperedens",4,1
"Candidatus Methanoperedens",5,1
"Candidatus Methanoperedens",6,1
"Candidatus Methanoperedens",8,1
"Candidatus Methanoperedens",10,1
"Candidatus Methanoperedens",13,1
"Candidatus Odyssella",4,1
"Candidatus Pelagibacter",5,1
"Candidatus Phaeomarinobacter",3,1
"Candidatus Phaeomarinobacter",4,1
"Candidatus Phaeomarinobacter",5,1
"Candidatus Phaeomarinobacter",7,1
"Candidatus Phaeomarinobacter",8,1
"Candidatus Phaeomarinobacter",9,1
"Candidatus Profftella",3,1
"Candidatus Profftella",4,1
"Candidatus Profftella",6,1
"Candidatus Profftella",7,1
"Candidatus Scalindua",3,1
"Candidatus Scalindua",4,1
"Candidatus Scalindua",5,1
"Candidatus Scalindua",6,1
"Candidatus Scalindua",8,1
"Candidatus Scalindua",9,1
"Candidatus Schmidhempelia",5,1
"Candidatus Schmidhempelia",8,1
"Candidatus Solibacter",6,1
"Candidatus Solibacter",9,1
"Candidatus Symbiobacter",5,1
"Candidatus Symbiothrix",4,1
"Candidatus Symbiothrix",8,1
"Candidatus Symbiothrix",9,1
"Capnocytophaga",3,1
"Capnocytophaga",7,1
"Capnocytophaga",8,1
"Capnocytophaga",13,1
"Carboxydothermus",3,1
"Carboxydothermus",10,1
"Carnobacterium",7,1
"Carnobacterium",8,1
"Carnobacterium",10,1
"Carnobacterium",13,1
"Caryophanon",4,1
"Caryophanon",5,1
"Castellaniella",4,1
"Castellaniella",5,1
"Castellaniella",9,1
"Catabacter",13,1
"Catalinimonas",6,1
"Catelliglobosispora",5,1
"Catelliglobosispora",6,1
"Catenulispora",6,1
"Caulobacter",3,1
"Caulobacter",4,1
"Caulobacter",5,1
"Caulobacter",6,1
"Caulobacter",7,1
"Cba41virus",5,1
"Cecembia",3,1
"Cecembia",4,1
"Cecembia",5,1
"Cecembia",6,1
"Celeribacter",3,1
"Celeribacter",6,1
"Cellulomonas",8,1
"Cellulomonas",10,1
"Cellulophaga",3,1
"Cellulophaga",4,1
"Cellulophaga",6,1
"Cellulophaga",8,1
"Cellulosimicrobium",3,1
"Cellulosimicrobium",5,1
"Cellulosimicrobium",6,1
"Cellulosimicrobium",8,1
"Cellvibrio",4,1
"Cellvibrio",6,1
"Centipeda",7,1
"Centipeda",9,1
"Cesiribacter",6,1
"Cesiribacter",8,1
"Cetobacterium",3,1
"Cetobacterium",5,1
"Chitinilyticum",4,1
"Chitinilyticum",5,1
"Chitinilyticum",6,1
"Chitinispirillum",3,1
"Chitinispirillum",5,1
"Chitinispirillum",7,1
"Chitinispirillum",10,1
"Chitinispirillum",13,1
"Chitinivibrio",5,1
"Chitinivibrio",8,1
"Chitinophaga",7,1
"Chitinophaga",9,1
"Chitinophaga",10,1
"Chitinophaga",13,1
"Chlorobaculum",4,1
"Chlorobaculum",6,1
"Chlorobium",9,1
"Chloroflexus",8,1
"Choanephora",3,1
"Choanephora",4,1
"Chondromyces",3,1
"Chondromyces",4,1
"Chondromyces",5,1
"Chondromyces",6,1
"Chondromyces",8,1
"Chromobacterium",3,1
"Chromobacterium",5,1
"Chryseobacterium",7,1
"Chryseobacterium",9,1
"Chrysiogenes",8,1
"Chthoniobacter",4,1
"Chthonomonas",4,1
"Chthonomonas",5,1
"Citrobacter",3,1
"Citrobacter",5,1
"Citrobacter",6,1
"Citrobacter",7,1
"Citrobacter",8,1
"Citrobacter",9,1
"Citrobacter",10,1
"Citrobacter",13,1
"Cloacibacillus",7,1
"Cloacibacterium",3,1
"Cloacibacterium",4,1
"Cloacibacterium",5,1
"Cloacibacterium",6,1
"Cobetia",3,1
"Cobetia",4,1
"Cobetia",5,1
"Cobetia",6,1
"Colletotrichum",5,1
"Colletotrichum",9,1
"Colletotrichum",10,1
"Collimonas",3,1
"Collimonas",4,1
"Collimonas",5,1
"Collimonas",6,1
"Colwellia",3,1
"Colwellia",4,1
"Colwellia",5,1
"Colwellia",6,1
"Colwellia",9,1
"Colwellia",10,1
"Comamonas",4,1
"Comamonas",6,1
"Comamonas",7,1
"Conexibacter",3,1
"Conexibacter",5,1
"Congregibacter",6,1
"Conidiobolus",3,1
"Conidiobolus",4,1
"Conidiobolus",5,1
"Conidiobolus",6,1
"Conidiobolus",10,1
"Coprothermobacter",3,1
"Coprothermobacter",5,1
"Coprothermobacter",6,1
"Coprothermobacter",7,1
"Coprothermobacter",10,1
"Coraliomargarita",3,1
"Corallococcus",7,1
"Coriobacterium",3,1
"Coriobacterium",6,1
"Corynebacterium",3,1
"Corynebacterium",4,1
"Corynebacterium",5,1
"Corynebacterium",6,1
"Corynebacterium",7,1
"Corynebacterium",8,1
"Corynebacterium",9,1
"Corynebacterium",10,1
"Coxiella",6,1
"Coxiella",8,1
"Crinalium",4,1
"Crinalium",5,1
"Crinalium",6,1
"Crocinitomix",4,1
"Crocinitomix",6,1
"Crocinitomix",9,1
"Crocosphaera",10,1
"Cronobacter",4,1
"Cryptobacterium",3,1
"Cryptobacterium",5,1
"Cryptobacterium",6,1
"Cryptobacterium",7,1
"Cryptobacterium",9,1
"Cryptobacterium",10,1
"Cupriavidus",5,1
"Curtobacterium",3,1
"Curtobacterium",4,1
"Curtobacterium",6,1
"Cyanobacterium",4,1
"Cyanothece",5,1
"Cyanothece",6,1
"Cyanothece",7,1
"Cyclobacterium",3,1
"Cyclobacterium",4,1
"Cyclobacterium",5,1
"Cyclobacterium",7,1
"Cyclobacterium",10,1
"Cyclobacterium",13,1
"Cylindrospermum",4,1
"Cystobacter",3,1
"Cystobacter",5,1
"Cystobacter",6,1
"Cytophaga",4,1
"Cytophaga",6,1
"Cytophaga",10,1
"Deferribacter",6,1
"Deferrisoma",3,1
"Deferrisoma",5,1
"Deferrisoma",8,1
"Deferrisoma",13,1
"Defluviitoga",4,1
"Dehalogenimonas",3,1
"Dehalogenimonas",4,1
"Dehalogenimonas",5,1
"Dehalogenimonas",6,1
"Dehalogenimonas",8,1
"Deinococcus",3,1
"Deinococcus",4,1
"Deinococcus",5,1
"Deinococcus",6,1
"Deinococcus",7,1
"Deinococcus",8,1
"Deinococcus",9,1
"Deinococcus",10,1
"Delftia",6,1
"Dendrosporobacter",4,1
"Dendrosporobacter",8,1
"Dendrosporobacter",10,1
"Denitrobacterium",9,1
"Derxia",4,1
"Derxia",5,1
"Desmospora",5,1
"Desulfarculus",4,1
"Desulfarculus",6,1
"Desulfatibacillum",5,1
"Desulfatibacillum",9,1
"Desulfatiglans",3,1
"Desulfatiglans",4,1
"Desulfatiglans",5,1
"Desulfatirhabdium",8,1
"Desulfatirhabdium",13,1
"Desulfatitalea",4,1
"Desulfatitalea",5,1
"Desulfatitalea",9,1
"Desulfitibacter",8,1
"Desulfitibacter",9,1
"Desulfitibacter",10,1
"Desulfitibacter",13,1
"Desulfobacca",5,1
"Desulfobacca",8,1
"Desulfobacca",9,1
"Desulfobacter",6,1
"Desulfobacter",8,1
"Desulfobacterium",3,1
"Desulfobacterium",5,1
"Desulfobacula",6,1
"Desulfobacula",9,1
"Desulfobacula",10,1
"Desulfobacula",13,1
"Desulfobulbus",3,1
"Desulfobulbus",5,1
"Desulfobulbus",7,1
"Desulfobulbus",13,1
"Desulfocapsa",5,1
"Desulfocarbo",5,1
"Desulfococcus",3,1
"Desulfococcus",9,1
"Desulfococcus",13,1
"Desulfocurvus",4,1
"Desulfocurvus",5,1
"Desulfocurvus",6,1
"Desulfofustis",6,1
"Desulfoluna",3,1
"Desulfoluna",4,1
"Desulfoluna",8,1
"Desulfoluna",9,1
"Desulfoluna",10,1
"Desulfomicrobium",3,1
"Desulfomicrobium",6,1
"Desulfomicrobium",8,1
"Desulfomicrobium",13,1
"Desulfomonile",3,1
"Desulfomonile",4,1
"Desulfomonile",5,1
"Desulfomonile",6,1
"Desulfomonile",7,1
"Desulfomonile",8,1
"Desulfomonile",9,1
"Desulfomonile",10,1
"Desulfomonile",13,1
"Desulfonatronovibrio",3,1
"Desulfonatronovibrio",4,1
"Desulfonatronovibrio",5,1
"Desulfonatronovibrio",6,1
"Desulfonatronum",5,1
"Desulfonatronum",6,1
"Desulfonatronum",9,1
"Desulfonauticus",3,1
"Desulfonauticus",6,1
"Desulforegula",3,1
"Desulforegula",5,1
"Desulforegula",9,1
"Desulforegula",13,1
"Desulforhopalus",4,1
"Desulforhopalus",5,1
"Desulforhopalus",6,1
"Desulforhopalus",7,1
"Desulforhopalus",8,1
"Desulforhopalus",10,1
"Desulfosarcina",4,1
"Desulfosarcina",5,1
"Desulfosarcina",8,1
"Desulfospira",6,1
"Desulfospira",10,1
"Desulfotalea",4,1
"Desulfotalea",5,1
"Desulfotalea",8,1
"Desulfotignum",3,1
"Desulfotignum",4,1
"Desulfotignum",5,1
"Desulfotignum",10,1
"Desulfotignum",13,1
"Desulfovermiculus",6,1
"Desulfovermiculus",8,1
"Desulfovirgula",3,1
"Desulfovirgula",4,1
"Desulfovirgula",8,1
"Desulfovirgula",9,1
"Desulfovirgula",10,1
"Desulfovirgula",13,1
"Desulfuribacillus",4,1
"Desulfuribacillus",5,1
"Desulfuribacillus",6,1
"Desulfuribacillus",8,1
"Desulfuribacillus",9,1
"Desulfuribacillus",10,1
"Desulfurivibrio",3,1
"Desulfurivibrio",4,1
"Desulfurobacterium",3,1
"Desulfurobacterium",4,1
"Desulfurobacterium",6,1
"Desulfurobacterium",8,1
"Desulfurobacterium",10,1
"Desulfuromonas",4,1
"Desulfuromonas",5,1
"Desulfuromusa",3,1
"Desulfuromusa",4,1
"Desulfuromusa",5,1
"Desulfuromusa",6,1
"Desulfuromusa",8,1
"Desulfuromusa",9,1
"Dethiobacter",8,1
"Dethiobacter",10,1
"Dethiobacter",13,1
"Dethiosulfatarculus",4,1
"Dethiosulfatarculus",9,1
"Dethiosulfovibrio",3,1
"Dethiosulfovibrio",5,1
"Dethiosulfovibrio",6,1
"Dethiosulfovibrio",13,1
"Devosia",3,1
"Devosia",4,1
"Devosia",5,1
"Dickeya",3,1
"Dickeya",5,1
"Dickeya",6,1
"Dickeya",9,1
"Dictyoglomus",3,1
"Dictyoglomus",5,1
"Dictyoglomus",6,1
"Dictyoglomus",8,1
"Dictyoglomus",9,1
"Dictyoglomus",13,1
"Diplosphaera",3,1
"Diplosphaera",4,1
"Diplosphaera",5,1
"Diplosphaera",7,1
"Dissulfuribacter",5,1
"Dissulfuribacter",6,1
"Dissulfuribacter",8,1
"Dokdonia",5,1
"Domibacillus",3,1
"Domibacillus",5,1
"Domibacillus",6,1
"Dongia",3,1
"Dongia",4,1
"Dongia",5,1
"Dongia",6,1
"Dongia",8,1
"Dongia",9,1
"Dongia",13,1
"Draconibacterium",7,1
"Draconibacterium",9,1
"Drancourtella",9,1
"Duganella",3,1
"Duganella",4,1
"Duganella",5,1
"Duganella",6,1
"Duganella",8,1
"Duganella",9,1
"Dyadobacter",4,1
"Dyadobacter",6,1
"Dyadobacter",8,1
"Dyadobacter",10,1
"Dysgonomonas",13,1
"Echinicola",5,1
"Edaphobacter",3,1
"Edaphobacter",4,1
"Edaphobacter",6,1
"Edwardsiella",3,1
"Edwardsiella",4,1
"Edwardsiella",5,1
"Edwardsiella",7,1
"Edwardsiella",8,1
"Edwardsiella",9,1
"Effusibacillus",4,1
"Effusibacillus",7,1
"Eggerthia",8,1
"Elizabethkingia",6,1
"Elizabethkingia",7,1
"Elizabethkingia",10,1
"Elstera",3,1
"Elstera",4,1
"Elstera",5,1
"Elstera",6,1
"Elusimicrobium",4,1
"Elusimicrobium",5,1
"Elusimicrobium",6,1
"Empedobacter",5,1
"Empedobacter",13,1
"Emticicia",4,1
"Emticicia",5,1
"Endomicrobium",3,1
"Endomicrobium",4,1
"Endomicrobium",8,1
"Endozoicomonas",5,1
"Endozoicomonas",6,1
"Enorma",3,1
"Enorma",4,1
"Enorma",6,1
"Enorma",7,1
"Enorma",8,1
"Enorma",13,1
"Ensifer",3,1
"Ensifer",4,1
"Ensifer",5,1
"Ensifer",6,1
"Ensifer",7,1
"Ensifer",8,1
"Ensifer",9,1
"Ensifer",10,1
"Ensifer",13,1
"Enterobacter",3,1
"Enterobacter",6,1
"Enterobacter",8,1
"Enterobacter",9,1
"Enterobacter",10,1
"Enterocytozoon",7,1
"Enterocytozoon",9,1
"Enterocytozoon",10,1
"Enterorhabdus",8,1
"Enterorhabdus",9,1
"Enterorhabdus",10,1
"Enterorhabdus",13,1
"Epibacterium",3,1
"Epibacterium",5,1
"Epilithonimonas",4,1
"Epilithonimonas",5,1
"Epilithonimonas",6,1
"Epilithonimonas",7,1
"Epulopiscium",7,1
"Epulopiscium",8,1
"Epulopiscium",9,1
"Eremococcus",3,1
"Eremococcus",4,1
"Eremococcus",5,1
"Erwinia",3,1
"Erwinia",4,1
"Erwinia",5,1
"Erwinia",7,1
"Erysipelothrix",3,1
"Erysipelothrix",9,1
"Erysipelothrix",10,1
"Erythrobacter",3,1
"Erythrobacter",4,1
"Erythrobacter",5,1
"Erythrobacter",6,1
"Erythrobacter",7,1
"Erythrobacter",9,1
"Euryhalocaulis",6,1
"Exiguobacterium",3,1
"Exiguobacterium",5,1
"Exiguobacterium",6,1
"Exiguobacterium",7,1
"Facklamia",6,1
"Facklamia",8,1
"Facklamia",9,1
"Facklamia",10,1
"Faecalibaculum",7,1
"Faecalibaculum",9,1
"Faecalibaculum",13,1
"Faecalicoccus",7,1
"Fermentimonas",3,1
"Fermentimonas",10,1
"Fermentimonas",13,1
"Ferriphaselus",3,1
"Fervidicella",9,1
"Fervidicola",3,1
"Fervidicola",4,1
"Fervidicola",5,1
"Fervidicola",7,1
"Fervidicola",9,1
"Fervidobacterium",4,1
"Fibrella",3,1
"Fibrella",5,1
"Fibrella",9,1
"Fibrisoma",4,1
"Fibrisoma",6,1
"Fibrisoma",10,1
"Fictibacillus",3,1
"Fictibacillus",6,1
"Fictibacillus",7,1
"Fictibacillus",8,1
"Fictibacillus",13,1
"Filifactor",7,1
"Filifactor",13,1
"Filimonas",6,1
"Filimonas",8,1
"Filimonas",9,1
"Fimbriimonas",4,1
"Fimbriimonas",10,1
"Finegoldia",4,1
"Finegoldia",9,1
"Finegoldia",10,1
"Flammeovirga",4,1
"Flammeovirga",5,1
"Flammeovirga",10,1
"Flammeovirga",13,1
"Flavihumibacter",3,1
"Flavihumibacter",4,1
"Flavihumibacter",6,1
"Flaviramulus",4,1
"Flectobacillus",4,1
"Flexibacter",3,1
"Flexibacter",4,1
"Flexibacter",6,1
"Flexibacter",8,1
"Flexithrix",4,1
"Flexithrix",7,1
"Fontibacillus",3,1
"Fontibacillus",6,1
"Fontibacillus",8,1
"Fontibacillus",9,1
"Fontibacillus",10,1
"Fontibacillus",13,1
"Formosa",3,1
"Formosa",4,1
"Formosa",5,1
"Formosa",6,1
"Formosa",8,1
"Formosa",9,1
"Frateuria",4,1
"Frateuria",6,1
"Fusarium",3,1
"Fusarium",4,1
"Fusarium",5,1
"Fusarium",6,1
"Fusarium",8,1
"Fusarium",9,1
"Fusarium",10,1
"Gabonibacter",13,1
"Galbibacter",3,1
"Galbibacter",5,1
"Galbibacter",6,1
"Galbibacter",10,1
"Gallibacterium",3,1
"Gallibacterium",8,1
"Gallibacterium",9,1
"Gallibacterium",10,1
"Gardnerella",10,1
"Gardnerella",13,1
"Gayadomonas",3,1
"Gayadomonas",4,1
"Gayadomonas",5,1
"Gayadomonas",6,1
"Gayadomonas",10,1
"Geitlerinema",4,1
"Geitlerinema",6,1
"Gelatoporia",3,1
"Gelatoporia",4,1
"Gelatoporia",5,1
"Gelatoporia",6,1
"Gelatoporia",8,1
"Gelidibacter",4,1
"Gelidibacter",5,1
"Gelidibacter",6,1
"Gemella",3,1
"Gemella",4,1
"Gemella",9,1
"Gemella",13,1
"Geminocystis",4,1
"Geminocystis",6,1
"Geminocystis",8,1
"Geminocystis",9,1
"Geminocystis",10,1
"Gemmata",3,1
"Gemmata",4,1
"Gemmata",5,1
"Gemmata",10,1
"Gemmobacter",9,1
"Geoalkalibacter",5,1
"Geoalkalibacter",8,1
"Geobacillus",6,1
"Geobacillus",7,1
"Geobacillus",10,1
"Geobacter",3,1
"Geobacter",7,1
"Geobacter",13,1
"Geofilum",3,1
"Geofilum",4,1
"Geofilum",6,1
"Geofilum",8,1
"Geofilum",9,1
"Geopsychrobacter",4,1
"Gilliamella",10,1
"Gillisia",4,1
"Gillisia",6,1
"Gillisia",8,1
"Gillisia",9,1
"Gimesia",6,1
"Glaciecola",6,1
"Glaciecola",8,1
"Globicatella",3,1
"Globicatella",4,1
"Gloeobacter",3,1
"Gloeobacter",4,1
"Gloeobacter",5,1
"Gloeobacter",6,1
"Gloeobacter",7,1
"Gloeobacter",9,1
"Gloeobacter",10,1
"Gloeocapsa",4,1
"Gonapodya",3,1
"Gordonibacter",10,1
"Gottschalkia",9,1
"Gottschalkia",13,1
"Gracilibacillus",3,1
"Gracilibacillus",4,1
"Gracilibacillus",6,1
"Gracilibacillus",8,1
"Gracilibacillus",10,1
"Gracilibacter",10,1
"Gramella",3,1
"Gramella",6,1
"Granulicella",4,1
"Hafnia",5,1
"Hafnia",7,1
"Hafnia",8,1
"Haladaptatus",4,1
"Haladaptatus",5,1
"Haladaptatus",6,1
"Haladaptatus",8,1
"Halanaerobium",6,1
"Halanaerobium",7,1
"Haliscomenobacter",4,1
"Haliscomenobacter",6,1
"Hallella",3,1
"Hallella",4,1
"Hallella",9,1
"Halobacillus",3,1
"Halobacillus",4,1
"Halobacillus",6,1
"Halobacillus",8,1
"Halobacillus",10,1
"Halobacteroides",4,1
"Halobacteroides",6,1
"Halobacteroides",9,1
"Halodesulfovibrio",5,1
"Halodesulfovibrio",6,1
"Haloferax",3,1
"Haloferax",4,1
"Haloferax",5,1
"Haloferax",6,1
"Haloferula",3,1
"Haloferula",4,1
"Haloferula",5,1
"Haloferula",9,1
"Haloferula",10,1
"Halomicrobium",4,1
"Halomicrobium",5,1
"Halomicrobium",6,1
"Halomonas",3,1
"Halomonas",5,1
"Halomonas",6,1
"Halomonas",9,1
"Halonatronum",3,1
"Halonatronum",4,1
"Halonatronum",6,1
"Halonatronum",10,1
"Halopiger",4,1
"Halopiger",5,1
"Halopiger",6,1
"Haloplasma",4,1
"Haloplasma",7,1
"Haloplasma",8,1
"Haloplasma",10,1
"Halorientalis",4,1
"Halothece",4,1
"Halothece",6,1
"Halothece",8,1
"Halothermothrix",3,1
"Halothermothrix",5,1
"Halothermothrix",6,1
"Halothermothrix",7,1
"Hassallia",3,1
"Hassallia",4,1
"Hassallia",5,1
"Helcococcus",3,1
"Helcococcus",4,1
"Helcococcus",6,1
"Helcococcus",9,1
"Helicobacter",3,1
"Helicobacter",4,1
"Helicobacter",6,1
"Helicobacter",7,1
"Helicobacter",8,1
"Helicobacter",9,1
"Helicobacter",13,1
"Heliobacterium",3,1
"Heliobacterium",5,1
"Heliobacterium",6,1
"Heliobacterium",9,1
"Heliobacterium",13,1
"Hellea",6,1
"Herbaspirillum",9,1
"Herbiconiux",6,1
"Herbiconiux",8,1
"Herbidospora",5,1
"Herbidospora",8,1
"Herpetosiphon",4,1
"Hippea",3,1
"Hippea",6,1
"Hippea",9,1
"Holophaga",5,1
"Holophaga",8,1
"Holophaga",9,1
"Hydrogenibacillus",4,1
"Hydrogenibacillus",5,1
"Hydrogenibacillus",6,1
"Hydrogenibacillus",9,1
"Hydrogenibacillus",13,1
"Hydrogenophaga",3,1
"Hydrogenophaga",4,1
"Hydrogenophaga",5,1
"Hydrogenophaga",6,1
"Hydrogenophaga",7,1
"Hydrogenophaga",10,1
"Hydrogenophaga",13,1
"Hylemonella",3,1
"Hylemonella",4,1
"Hylemonella",5,1
"Hylemonella",6,1
"Hylemonella",7,1
"Hylemonella",8,1
"Hylemonella",13,1
"Hymenobacter",3,1
"Hymenobacter",4,1
"Hymenobacter",6,1
"Hymenobacter",9,1
"Hymenobacter",10,1
"Hyphomonas",5,1
"Hyphomonas",6,1
"Hyunsoonleella",5,1
"Hyunsoonleella",6,1
"Idiomarina",4,1
"Idiomarina",5,1
"Idiomarina",6,1
"Idiomarina",8,1
"Ignavibacterium",3,1
"Ignavibacterium",4,1
"Ignavibacterium",5,1
"Ignavibacterium",6,1
"Ignavibacterium",10,1
"Ignavigranum",3,1
"Ignavigranum",4,1
"Ignavigranum",5,1
"Ilumatobacter",6,1
"Ilyobacter",3,1
"Ilyobacter",4,1
"Ilyobacter",5,1
"Ilyobacter",8,1
"Ilyobacter",10,1
"Indibacter",4,1
"Indibacter",5,1
"Inquilinus",3,1
"Inquilinus",4,1
"Inquilinus",5,1
"Inquilinus",6,1
"Inquilinus",10,1
"Isobaculum",3,1
"Isobaculum",4,1
"Isobaculum",5,1
"Isobaculum",8,1
"Isobaculum",9,1
"Isobaculum",10,1
"Isoptericola",4,1
"Isoptericola",5,1
"Isoptericola",6,1
"Isoptericola",9,1
"Isosphaera",3,1
"Isosphaera",5,1
"Jannaschia",3,1
"Jannaschia",4,1
"Jannaschia",5,1
"Jannaschia",6,1
"Jannaschia",8,1
"Janthinobacterium",3,1
"Janthinobacterium",5,1
"Janthinobacterium",8,1
"Jejuia",3,1
"Jejuia",4,1
"Jejuia",5,1
"Jejuia",9,1
"Jejuia",13,1
"Jeotgalibaca",5,1
"Jeotgalibacillus",3,1
"Jeotgalibacillus",4,1
"Jeotgalibacillus",7,1
"Jeotgalibacillus",9,1
"Jeotgalibacillus",10,1
"Jeotgalicoccus",4,1
"Jeotgalicoccus",5,1
"Jeotgalicoccus",6,1
"Jeotgalicoccus",7,1
"Jeotgalicoccus",10,1
"Jeotgalicoccus",13,1
"Jiangella",7,1
"Jiangella",13,1
"Kaistia",4,1
"Kaistia",6,1
"Kaistia",8,1
"Kaistia",9,1
"Kallipyga",7,1
"Kangiella",5,1
"Kangiella",9,1
"Kerstersia",6,1
"Kerstersia",8,1
"Kibdelosporangium",6,1
"Kibdelosporangium",8,1
"Kiloniella",3,1
"Kiloniella",5,1
"Kiloniella",6,1
"Kiloniella",7,1
"Kiloniella",13,1
"Kingella",3,1
"Kingella",4,1
"Kingella",5,1
"Kitasatospora",5,1
"Kluyvera",3,1
"Kluyvera",6,1
"Kluyvera",9,1
"Kluyvera",13,1
"Knoellia",3,1
"Knoellia",4,1
"Knoellia",5,1
"Knoellia",6,1
"Knoellia",8,1
"Knoellia",10,1
"Komagataeibacter",4,1
"Komagataeibacter",5,1
"Komagataeibacter",6,1
"Kordiimonas",3,1
"Kordiimonas",4,1
"Kordiimonas",5,1
"Kordiimonas",6,1
"Kordiimonas",7,1
"Kordiimonas",8,1
"Kordiimonas",10,1
"Kordiimonas",13,1
"Kosmotoga",3,1
"Kosmotoga",4,1
"Kosmotoga",5,1
"Kosmotoga",6,1
"Kosmotoga",8,1
"Kosmotoga",9,1
"Kouleothrix",6,1
"Kouleothrix",9,1
"Kriegella",4,1
"Kriegella",5,1
"Kriegella",6,1
"Kriegella",10,1
"Ktedonobacter",4,1
"Ktedonobacter",8,1
"Ktedonobacter",13,1
"Kurthia",3,1
"Kurthia",4,1
"Kurthia",5,1
"Kurthia",6,1
"Kurthia",7,1
"Kurthia",10,1
"Kurthia",13,1
"Kushneria",4,1
"Kushneria",6,1
"Kushneria",9,1
"Kushneria",10,1
"Kyrpidia",4,1
"Kyrpidia",6,1
"Kytococcus",4,1
"Labilibacter",6,1
"Labilibacter",13,1
"Labilithrix",3,1
"Labilithrix",5,1
"Labrenzia",4,1
"Labrenzia",5,1
"Lacinutrix",3,1
"Lacinutrix",4,1
"Lacinutrix",5,1
"Lacinutrix",9,1
"Lacinutrix",13,1
"Lacticigenium",6,1
"Lacticigenium",8,1
"Laribacter",6,1
"Lasiodiplodia",4,1
"Lawsonia",3,1
"Lawsonia",4,1
"Lawsonia",9,1
"Lawsonia",13,1
"Leadbetterella",10,1
"Lechevalieria",6,1
"Lechevalieria",13,1
"Leeuwenhoekiella",5,1
"Legionella",3,1
"Legionella",4,1
"Legionella",5,1
"Legionella",6,1
"Legionella",8,1
"Legionella",9,1
"Legionella",10,1
"Leifsonia",3,1
"Leisingera",5,1
"Leisingera",6,1
"Leisingera",8,1
"Leisingera",9,1
"Leminorella",3,1
"Leminorella",4,1
"Leminorella",5,1
"Leminorella",6,1
"Leminorella",7,1
"Leminorella",9,1
"Leminorella",10,1
"Lentimicrobium",3,1
"Lentimicrobium",5,1
"Lentisphaera",4,1
"Lentisphaera",5,1
"Leptolyngbya",3,1
"Leptolyngbya",4,1
"Leptolyngbya",5,1
"Leptolyngbya",6,1
"Leptolyngbya",8,1
"Leptolyngbya",9,1
"Leptolyngbya",10,1
"Leptospira",8,1
"Leptospira",9,1
"Leptospira",10,1
"Leptospira",13,1
"Leptospirillum",4,1
"Leptospirillum",5,1
"Leptospirillum",6,1
"Leptothrix",6,1
"Leptotrichia",7,1
"Leptotrichia",10,1
"Leptotrichia",13,1
"Leucobacter",5,1
"Leucobacter",9,1
"Leucobacter",13,1
"Leuconostoc",3,1
"Leuconostoc",4,1
"Leuconostoc",5,1
"Leuconostoc",6,1
"Leuconostoc",7,1
"Leucothrix",6,1
"Levyella",6,1
"Levyella",9,1
"Levyella",10,1
"Lewinella",3,1
"Lewinella",5,1
"Lewinella",6,1
"Lihuaxuella",5,1
"Lihuaxuella",8,1
"Limnochorda",4,1
"Limnochorda",5,1
"Limnochorda",6,1
"Limnochorda",7,1
"Limnohabitans",4,1
"Limnohabitans",6,1
"Limnoraphis",4,1
"Limnothrix",3,1
"Limnothrix",5,1
"Lipomyces",4,1
"Lipomyces",5,1
"Listeria",9,1
"Listeria",13,1
"Longilinea",5,1
"Luminiphilus",6,1
"Lunatimonas",4,1
"Luteimonas",3,1
"Luteimonas",5,1
"Lutibacter",3,1
"Lutibacter",4,1
"Lutibacter",8,1
"Lyngbya",4,1
"Lysinibacillus",7,1
"Lysinibacillus",9,1
"Lysinibacillus",10,1
"Lysinibacillus",13,1
"Lysobacter",5,1
"Lysobacter",8,1
"Magnetospirillum",4,1
"Magnetospirillum",5,1
"Magnetospirillum",6,1
"Magnetospirillum",9,1
"Maribacter",3,1
"Maribacter",5,1
"Maribacter",6,1
"Maribacter",8,1
"Maribacter",13,1
"Marichromatium",3,1
"Marichromatium",4,1
"Marichromatium",5,1
"Marinifilum",3,1
"Marinifilum",8,1
"Marinilabilia",3,1
"Marinilabilia",7,1
"Marinilactibacillus",5,1
"Marinilactibacillus",6,1
"Marinilactibacillus",8,1
"Mariniradius",3,1
"Mariniradius",4,1
"Mariniradius",5,1
"Mariniradius",8,1
"Mariniradius",9,1
"Mariniradius",13,1
"Marinobacter",3,1
"Marinobacter",4,1
"Marinobacter",5,1
"Marinobacter",6,1
"Marinobacterium",3,1
"Marinobacterium",4,1
"Marinobacterium",5,1
"Marinobacterium",6,1
"Marinobacterium",7,1
"Marinobacterium",8,1
"Marinobacterium",9,1
"Marinobacterium",10,1
"Marinococcus",3,1
"Marinococcus",5,1
"Marinococcus",8,1
"Mariprofundus",4,1
"Mariprofundus",5,1
"Mariprofundus",10,1
"Massilia",4,1
"Massilia",5,1
"Massilia",6,1
"Massilia",9,1
"Mastigocladus",3,1
"Mastigocladus",4,1
"Mastigocladus",5,1
"Mastigocladus",6,1
"Meiothermus",3,1
"Meiothermus",5,1
"Melghirimyces",5,1
"Melghirimyces",6,1
"Melissococcus",5,1
"Mesoaciditoga",5,1
"Mesoaciditoga",8,1
"Mesoaciditoga",9,1
"Mesonia",6,1
"Mesoplasma",3,1
"Mesoplasma",5,1
"Mesoplasma",6,1
"Mesorhizobium",3,1
"Mesorhizobium",4,1
"Mesorhizobium",5,1
"Mesorhizobium",6,1
"Mesorhizobium",9,1
"Mesorhizobium",10,1
"Mesorhizobium",13,1
"Mesotoga",4,1
"Mesotoga",5,1
"Mesotoga",6,1
"Mesotoga",8,1
"Methanobacterium",3,1
"Methanobacterium",5,1
"Methanobacterium",6,1
"Methanobacterium",7,1
"Methanobrevibacter",3,1
"Methanobrevibacter",5,1
"Methanobrevibacter",6,1
"Methanobrevibacter",7,1
"Methanobrevibacter",8,1
"Methanobrevibacter",9,1
"Methanobrevibacter",13,1
"Methanocorpusculum",3,1
"Methanocorpusculum",5,1
"Methanocorpusculum",6,1
"Methanocorpusculum",8,1
"Methanocorpusculum",10,1
"Methanoculleus",3,1
"Methanoculleus",4,1
"Methanoculleus",8,1
"Methanofollis",6,1
"Methanolacinia",8,1
"Methanolobus",3,1
"Methanolobus",4,1
"Methanomassiliicoccus",8,1
"Methanomicrobium",4,1
"Methanomicrobium",5,1
"Methanomicrobium",8,1
"Methanoplanus",3,1
"Methanoplanus",4,1
"Methanoplanus",5,1
"Methanosaeta",6,1
"Methanosaeta",7,1
"Methanosaeta",8,1
"Methanosarcina",7,1
"Methanosarcina",10,1
"Methanosarcina",13,1
"Methanosphaera",4,1
"Methanosphaera",5,1
"Methanothermobacter",5,1
"Methylibium",4,1
"Methylibium",7,1
"Methylobacter",5,1
"Methylobacter",6,1
"Methylobacter",7,1
"Methylobacter",10,1
"Methylobacterium",4,1
"Methylobacterium",5,1
"Methylobacterium",6,1
"Methylobacterium",7,1
"Methylobacterium",10,1
"Methylobacterium",13,1
"Methylocaldum",5,1
"Methylocaldum",7,1
"Methylocapsa",6,1
"Methylocapsa",8,1
"Methyloceanibacter",3,1
"Methylococcus",4,1
"Methylococcus",5,1
"Methylococcus",9,1
"Methyloglobulus",3,1
"Methyloglobulus",4,1
"Methyloglobulus",5,1
"Methylohalobius",6,1
"Methylohalobius",7,1
"Methylomonas",3,1
"Methylomonas",4,1
"Methylomonas",5,1
"Methylomonas",6,1
"Methylomonas",8,1
"Methylomonas",9,1
"Methylomonas",10,1
"Methyloversatilis",3,1
"Methyloversatilis",4,1
"Methyloversatilis",5,1
"Methyloversatilis",6,1
"Methyloversatilis",8,1
"Methyloversatilis",9,1
"Methylovulum",3,1
"Methylovulum",4,1
"Methylovulum",5,1
"Methylovulum",6,1
"Methylovulum",7,1
"Methylovulum",8,1
"Methylovulum",9,1
"Methylovulum",13,1
"Micavibrio",3,1
"Micavibrio",4,1
"Micavibrio",5,1
"Micavibrio",13,1
"Microbacterium",6,1
"Microbacterium",10,1
"Microcystis",3,1
"Microcystis",5,1
"Microcystis",6,1
"Microcystis",7,1
"Microcystis",10,1
"Microlunatus",4,1
"Micromonospora",3,1
"Micromonospora",4,1
"Micromonospora",5,1
"Micromonospora",6,1
"Microtetraspora",5,1
"Microtetraspora",8,1
"Microvirga",3,1
"Microvirga",5,1
"Mitsuaria",6,1
"Mitsuokella",7,1
"Mitsuokella",10,1
"Mobiluncus",3,1
"Mobiluncus",4,1
"Mobiluncus",5,1
"Mobiluncus",6,1
"Mobiluncus",9,1
"Mobiluncus",10,1
"Mogibacterium",9,1
"Moniliophthora",4,1
"Moniliophthora",5,1
"Moniliophthora",10,1
"Moorea",3,1
"Moorea",5,1
"Moorea",6,1
"Moorea",7,1
"Moorella",8,1
"Moorella",10,1
"Moraxella",3,1
"Moraxella",4,1
"Moraxella",6,1
"Moraxella",7,1
"Morganella",6,1
"Morganella",7,1
"Morganella",8,1
"Moritella",3,1
"Moritella",8,1
"Mortierella",3,1
"Mortierella",4,1
"Mortierella",5,1
"Mortierella",6,1
"Mortierella",8,1
"Mortierella",10,1
"Mucilaginibacter",8,1
"Mucilaginibacter",10,1
"Mucispirillum",5,1
"Mucispirillum",8,1
"Muricauda",3,1
"Muricauda",5,1
"Muricauda",6,1
"Muricauda",8,1
"Muricauda",9,1
"Mycetocola",5,1
"Mycobacterium",7,1
"Mycobacterium",9,1
"Mycobacterium",13,1
"Mycoplasma",7,1
"Mycoplasma",10,1
"Myroides",3,1
"Myroides",7,1
"Myroides",10,1
"Myroides",13,1
"N4virus",4,1
"Nafulsella",3,1
"Nafulsella",4,1
"Nafulsella",5,1
"Nafulsella",6,1
"Nafulsella",7,1
"Nafulsella",10,1
"Nafulsella",13,1
"Natranaerobius",3,1
"Natranaerobius",5,1
"Natranaerobius",6,1
"Natranaerobius",10,1
"Natrialba",3,1
"Natrialba",4,1
"Natrialba",5,1
"Natrialba",8,1
"Natrialba",10,1
"Natribacillus",3,1
"Natribacillus",4,1
"Natribacillus",5,1
"Natribacillus",6,1
"Natribacillus",10,1
"Natronobacterium",3,1
"Natronobacterium",5,1
"Natronobacterium",8,1
"Natronorubrum",5,1
"Necropsobacter",4,1
"Negativicoccus",3,1
"Negativicoccus",4,1
"Negativicoccus",5,1
"Negativicoccus",6,1
"Negativicoccus",9,1
"Neisseria",3,1
"Neisseria",5,1
"Neisseria",6,1
"Neisseria",7,1
"Neisseria",9,1
"Neisseria",10,1
"Niabella",13,1
"Niastella",4,1
"Niastella",9,1
"Niastella",13,1
"Nitrincola",4,1
"Nitrincola",5,1
"Nitrobacter",4,1
"Nitrolancea",8,1
"Nitrosococcus",3,1
"Nitrosococcus",5,1
"Nitrosomonas",3,1
"Nitrosomonas",4,1
"Nitrosomonas",5,1
"Nitrosomonas",6,1
"Nitrosomonas",8,1
"Nitrosomonas",9,1
"Nitrosospira",4,1
"Nitrosospira",5,1
"Nitrosospira",7,1
"Nitrosovibrio",6,1
"Nitrospirillum",3,1
"Nitrospirillum",5,1
"Nitrospirillum",8,1
"Nitrospirillum",9,1
"Nitrospirillum",10,1
"Nitrospirillum",13,1
"Nocardia",3,1
"Nocardia",4,1
"Nocardia",5,1
"Nocardia",6,1
"Nocardia",8,1
"Nocardia",10,1
"Nocardioides",3,1
"Nocardioides",4,1
"Nocardioides",6,1
"Nocardioides",7,1
"Nocardiopsis",3,1
"Nocardiopsis",4,1
"Nocardiopsis",5,1
"Nocardiopsis",8,1
"Nonlabens",3,1
"Nonlabens",4,1
"Nonlabens",10,1
"Nonlabens",13,1
"Nonomuraea",3,1
"Nonomuraea",6,1
"Nostoc",5,1
"Nostoc",6,1
"Nostoc",8,1
"Noviherbaspirillum",4,1
"Novosphingobium",3,1
"Novosphingobium",4,1
"Novosphingobium",5,1
"Novosphingobium",6,1
"Novosphingobium",8,1
"Obesumbacterium",5,1
"Obesumbacterium",6,1
"Oceanibaculum",9,1
"Oceanicaulis",3,1
"Oceanicaulis",4,1
"Oceanicaulis",5,1
"Oceanicaulis",6,1
"Oceanicaulis",8,1
"Oceanicola",6,1
"Oceanithermus",8,1
"Oceanivirga",4,1
"Oceanivirga",5,1
"Oceanivirga",6,1
"Oceanobacillus",4,1
"Oceanobacillus",5,1
"Oceanobacillus",7,1
"Oceanobacillus",8,1
"Oceanobacillus",9,1
"Oceanospirillum",3,1
"Ochrobactrum",3,1
"Ochrobactrum",4,1
"Ochrobactrum",9,1
"Ochrobactrum",13,1
"Ochrovirga",4,1
"Ochrovirga",5,1
"Oleiagrimonas",6,1
"Olivibacter",3,1
"Olivibacter",4,1
"Olivibacter",6,1
"Olivibacter",7,1
"Olivibacter",13,1
"Opitutus",3,1
"Opitutus",5,1
"Opitutus",7,1
"Opitutus",8,1
"Orenia",3,1
"Orenia",4,1
"Orenia",5,1
"Orenia",6,1
"Orenia",8,1
"Orenia",10,1
"Orenia",13,1
"Ornatilinea",3,1
"Ornatilinea",4,1
"Ornatilinea",5,1
"Ornatilinea",6,1
"Ornatilinea",7,1
"Ornatilinea",10,1
"Ornithinibacillus",4,1
"Ornithinibacillus",6,1
"Ornithobacterium",7,1
"Ornithobacterium",10,1
"Oscillatoria",3,1
"Oscillatoria",6,1
"Oscillatoria",8,1
"Owenweeksia",3,1
"Owenweeksia",4,1
"Owenweeksia",6,1
"Owenweeksia",8,1
"Owenweeksia",10,1
"Paenarthrobacter",3,1
"Paenarthrobacter",5,1
"Paenarthrobacter",6,1
"Paenarthrobacter",10,1
"Paenirhodobacter",4,1
"Paenisporosarcina",4,1
"Paenisporosarcina",5,1
"Paludibacter",6,1
"Pandoraea",3,1
"Pannonibacter",3,1
"Pannonibacter",4,1
"Pannonibacter",5,1
"Pannonibacter",6,1
"Pannonibacter",8,1
"Pantoea",3,1
"Pantoea",5,1
"Pantoea",6,1
"Pantoea",7,1
"Pantoea",8,1
"Pantoea",9,1
"Pantoea",10,1
"Pantoea",13,1
"Paraburkholderia",3,1
"Paraburkholderia",5,1
"Paraburkholderia",6,1
"Paraburkholderia",8,1
"Parachlamydia",6,1
"Paraclostridium",9,1
"Paraclostridium",10,1
"Paracoccus",4,1
"Paracoccus",5,1
"Parageobacillus",3,1
"Parageobacillus",4,1
"Parageobacillus",5,1
"Parageobacillus",6,1
"Parageobacillus",7,1
"Parageobacillus",8,1
"Parageobacillus",10,1
"Parageobacillus",13,1
"Paraglaciecola",5,1
"Parapedobacter",3,1
"Parapedobacter",5,1
"Parapedobacter",9,1
"Parascardovia",3,1
"Parascardovia",5,1
"Parascardovia",8,1
"Parascardovia",13,1
"Parvimonas",10,1
"Parvimonas",13,1
"Pasteurella",6,1
"Pasteurella",8,1
"Pasteurella",10,1
"Paucibacter",4,1
"Paucisalibacillus",3,1
"Paucisalibacillus",4,1
"Paucisalibacillus",5,1
"Paucisalibacillus",6,1
"Paucisalibacillus",7,1
"Paucisalibacillus",8,1
"Paucisalibacillus",9,1
"Paucisalibacillus",10,1
"Paucisalibacillus",13,1
"Pectobacterium",3,1
"Pectobacterium",4,1
"Pectobacterium",5,1
"Pectobacterium",7,1
"Pectobacterium",8,1
"Pectobacterium",9,1
"Pediococcus",4,1
"Pediococcus",8,1
"Pedobacter",7,1
"Pedobacter",13,1
"Pedosphaera",3,1
"Pedosphaera",6,1
"Pedosphaera",8,1
"Pedosphaera",13,1
"Pelistega",4,1
"Pelistega",5,1
"Pelobacter",3,1
"Pelobacter",7,1
"Pelobacter",9,1
"Pelobacter",10,1
"Pelobacter",13,1
"Pelodictyon",3,1
"Pelodictyon",4,1
"Pelodictyon",5,1
"Pelodictyon",6,1
"Pelodictyon",9,1
"Pelodictyon",10,1
"Pelotomaculum",4,1
"Pelotomaculum",5,1
"Pelotomaculum",6,1
"Pelotomaculum",8,1
"Peptococcus",10,1
"Peptococcus",13,1
"Peptoniphilus",13,1
"Peptostreptococcus",10,1
"Peptostreptococcus",13,1
"Pequenovirus",3,1
"Pequenovirus",5,1
"Pequenovirus",10,1
"Persephonella",3,1
"Persephonella",5,1
"Persicobacter",5,1
"Persicobacter",6,1
"Petrimonas",3,1
"Petrimonas",7,1
"Petrimonas",8,1
"Petrotoga",5,1
"Petrotoga",6,1
"Phaeobacter",4,1
"Phaeobacter",5,1
"Phaeobacter",6,1
"Phaeobacter",7,1
"Phaeobacter",8,1
"Phaeobacter",9,1
"Phaeodactylibacter",4,1
"Phaeodactylibacter",9,1
"Phaeospirillum",3,1
"Phi29virus",4,1
"Phi29virus",5,1
"Phi29virus",7,1
"Phialocephala",4,1
"Phocaeicola",4,1
"Phocaeicola",5,1
"Phocaeicola",6,1
"Phormidesmis",6,1
"Phormidium",3,1
"Phormidium",6,1
"Phormidium",9,1
"Photobacterium",3,1
"Photobacterium",6,1
"Photobacterium",8,1
"Photobacterium",9,1
"Photobacterium",10,1
"Photorhabdus",3,1
"Photorhabdus",4,1
"Photorhabdus",5,1
"Photorhabdus",6,1
"Photorhabdus",9,1
"Phycomyces",3,1
"Phycomyces",4,1
"Phycomyces",5,1
"Pirellula",5,1
"Pirellula",8,1
"Piscicoccus",5,1
"Piscirickettsia",8,1
"Planctomyces",5,1
"Planococcus",3,1
"Planococcus",4,1
"Planococcus",5,1
"Planococcus",6,1
"Planococcus",7,1
"Planococcus",8,1
"Planococcus",13,1
"Planomicrobium",6,1
"Planomicrobium",7,1
"Planomicrobium",8,1
"Planomicrobium",9,1
"Pleurocapsa",5,1
"Pluralibacter",6,1
"Pluralibacter",7,1
"Polaribacter",3,1
"Polaribacter",10,1
"Polaribacter",13,1
"Polaromonas",3,1
"Polaromonas",5,1
"Polaromonas",6,1
"Polaromonas",8,1
"Polycyclovorans",6,1
"Polycyclovorans",8,1
"Pontibacillus",3,1
"Pontibacillus",5,1
"Pontibacillus",6,1
"Pontibacillus",8,1
"Pontibacillus",9,1
"Pontibacillus",10,1
"Pontibacillus",13,1
"Pontibacter",6,1
"Pontibacter",10,1
"Porticoccus",4,1
"Pricia",3,1
"Prochlorococcus",3,1
"Prochlorococcus",4,1
"Prochlorococcus",10,1
"Prolixibacter",3,1
"Prolixibacter",4,1
"Prolixibacter",6,1
"Prolixibacter",7,1
"Prolixibacter",9,1
"Propionibacterium",3,1
"Propionibacterium",4,1
"Propionibacterium",5,1
"Propionibacterium",6,1
"Propionibacterium",8,1
"Propionicicella",5,1
"Propionicicella",7,1
"Propionimicrobium",3,1
"Propionimicrobium",5,1
"Propionispora",9,1
"Propionivibrio",3,1
"Propionivibrio",4,1
"Propionivibrio",5,1
"Propionivibrio",6,1
"Propionivibrio",9,1
"Propionivibrio",10,1
"Prosthecochloris",3,1
"Prosthecochloris",13,1
"Prosthecomicrobium",6,1
"Proteiniphilum",10,1
"Proteiniphilum",13,1
"Proteocatella",9,1
"Proteocatella",10,1
"Proteocatella",13,1
"Proteus",3,1
"Proteus",4,1
"Proteus",5,1
"Proteus",7,1
"Proteus",8,1
"Proteus",10,1
"Proteus",13,1
"Providencia",3,1
"Providencia",5,1
"Providencia",6,1
"Providencia",10,1
"Pseudanabaena",4,1
"Pseudanabaena",5,1
"Pseudanabaena",10,1
"Pseudarthrobacter",3,1
"Pseudarthrobacter",4,1
"Pseudarthrobacter",5,1
"Pseudarthrobacter",6,1
"Pseudarthrobacter",10,1
"Pseudarthrobacter",13,1
"Pseudoalteromonas",9,1
"Pseudoalteromonas",10,1
"Pseudomonas",13,1
"Pseudonocardia",4,1
"Pseudopedobacter",6,1
"Pseudopedobacter",8,1
"Pseudoramibacter",9,1
"Pseudoramibacter",13,1
"Pseudorhodobacter",3,1
"Pseudorhodobacter",4,1
"Pseudorhodobacter",5,1
"Pseudorhodobacter",6,1
"Pseudoruegeria",3,1
"Pseudoruegeria",5,1
"Pseudosphingobacterium",3,1
"Pseudosphingobacterium",4,1
"Pseudosphingobacterium",6,1
"Pseudosphingobacterium",7,1
"Pseudosphingobacterium",8,1
"Pseudothermotoga",3,1
"Pseudothermotoga",4,1
"Pseudothermotoga",5,1
"Pseudothermotoga",7,1
"Pseudothermotoga",8,1
"Pseudothermotoga",9,1
"Pseudothermotoga",13,1
"Pseudovibrio",4,1
"Pseudovibrio",5,1
"Pseudovibrio",6,1
"Pseudovibrio",8,1
"Pseudoxanthomonas",4,1
"Pseudoxanthomonas",5,1
"Pseudoxanthomonas",8,1
"Pseudoxanthomonas",9,1
"Pseudoxanthomonas",10,1
"Psychrilyobacter",5,1
"Psychrilyobacter",6,1
"Psychrilyobacter",7,1
"Psychrilyobacter",10,1
"Psychrilyobacter",13,1
"Psychrobacillus",3,1
"Psychrobacillus",4,1
"Psychrobacillus",5,1
"Psychrobacillus",6,1
"Psychrobacillus",7,1
"Psychrobacillus",8,1
"Psychrobacillus",9,1
"Psychrobacter",3,1
"Psychrobacter",4,1
"Psychrobacter",5,1
"Psychrobacter",6,1
"Psychrobacter",9,1
"Psychroflexus",4,1
"Psychroflexus",7,1
"Psychroflexus",9,1
"Psychromonas",4,1
"Psychroserpens",3,1
"Psychroserpens",4,1
"Psychroserpens",5,1
"Psychroserpens",6,1
"Pyrococcus",3,1
"Raineyella",5,1
"Ralstonia",3,1
"Ralstonia",4,1
"Ralstonia",5,1
"Ralstonia",7,1
"Ramlibacter",5,1
"Rheinheimera",5,1
"Rheinheimera",6,1
"Rhizobium",3,1
"Rhizobium",4,1
"Rhizobium",5,1
"Rhizobium",6,1
"Rhizobium",7,1
"Rhizobium",8,1
"Rhizobium",9,1
"Rhizobium",10,1
"Rhizobium",13,1
"Rhizophagus",5,1
"Rhizopus",3,1
"Rhizopus",4,1
"Rhizopus",5,1
"Rhizopus",6,1
"Rhizopus",8,1
"Rhizopus",10,1
"Rhodococcus",4,1
"Rhodopirellula",3,1
"Rhodopirellula",4,1
"Rhodopirellula",5,1
"Rhodopirellula",9,1
"Rhodotorula",3,1
"Rhodotorula",4,1
"Rhodotorula",5,1
"Riemerella",3,1
"Riemerella",4,1
"Riemerella",8,1
"Risungbinella",3,1
"Risungbinella",9,1
"Roseibium",3,1
"Roseibium",5,1
"Roseibium",6,1
"Roseibium",9,1
"Roseibium",13,1
"Roseimaritima",6,1
"Roseivirga",4,1
"Roseivirga",6,1
"Roseospirillum",4,1
"Rothia",3,1
"Rothia",4,1
"Rothia",5,1
"Rothia",6,1
"Rothia",7,1
"Rothia",8,1
"Rothia",10,1
"Rouxiella",3,1
"Rouxiella",5,1
"Rouxiella",8,1
"Rozella",4,1
"Rozella",5,1
"Rozella",10,1
"Ruania",5,1
"Ruania",6,1
"Rubinisphaera",8,1
"Rubrimonas",4,1
"Rubrimonas",5,1
"Rubrimonas",6,1
"Rubripirellula",6,1
"Rubritalea",5,1
"Rubritalea",6,1
"Rubritalea",8,1
"Rubrivivax",5,1
"Rubrobacter",3,1
"Rubrobacter",5,1
"Rudanella",5,1
"Rudanella",6,1
"Rufibacter",3,1
"Rufibacter",6,1
"Ruminobacter",7,1
"Ruminobacter",9,1
"Ruminobacter",10,1
"Rummeliibacillus",4,1
"Rummeliibacillus",6,1
"Runella",7,1
"Runella",9,1
"Saccharibacillus",3,1
"Saccharibacillus",4,1
"Saccharibacillus",5,1
"Saccharibacillus",6,1
"Saccharicrinis",3,1
"Saccharicrinis",4,1
"Saccharicrinis",8,1
"Saccharicrinis",9,1
"Saccharophagus",3,1
"Saccharophagus",4,1
"Saccharophagus",5,1
"Saccharophagus",6,1
"Saccharophagus",7,1
"Saccharophagus",10,1
"Saccharophagus",13,1
"Saccharopolyspora",3,1
"Saccharopolyspora",4,1
"Saccharopolyspora",5,1
"Salegentibacter",5,1
"Salegentibacter",6,1
"Salegentibacter",13,1
"Salimicrobium",3,1
"Salimicrobium",4,1
"Salimicrobium",5,1
"Salinibacillus",4,1
"Salinibacillus",5,1
"Salinibacter",4,1
"Salinibacter",9,1
"Salinicoccus",4,1
"Salinicoccus",5,1
"Salinicoccus",7,1
"Salinimonas",8,1
"Salipaludibacillus",6,1
"Salipaludibacillus",8,1
"Salipiger",8,1
"Sandaracinus",3,1
"Sandaracinus",4,1
"Sandaracinus",5,1
"Sandaracinus",6,1
"Sandaracinus",13,1
"Saprospira",3,1
"Saprospira",4,1
"Saprospira",5,1
"Saprospira",6,1
"Saprospira",8,1
"Saprospira",13,1
"Scardovia",3,1
"Scardovia",4,1
"Scardovia",5,1
"Scardovia",8,1
"Schizot4virus",5,1
"Schlesneria",4,1
"Schlesneria",5,1
"Scytonema",3,1
"Scytonema",4,1
"Scytonema",5,1
"Scytonema",6,1
"Scytonema",7,1
"Scytonema",8,1
"Sebaldella",3,1
"Sebaldella",5,1
"Sebaldella",7,1
"Sebaldella",8,1
"Sebaldella",10,1
"Sediminimonas",6,1
"Sediminimonas",8,1
"Senegalimassilia",10,1
"Serratia",3,1
"Serratia",4,1
"Serratia",6,1
"Shewanella",3,1
"Shewanella",4,1
"Shewanella",5,1
"Shewanella",7,1
"Shimazuella",3,1
"Shimazuella",4,1
"Shimazuella",5,1
"Shimazuella",6,1
"Siansivirga",6,1
"Siansivirga",8,1
"Silviavirus",6,1
"Simonsiella",6,1
"Singulisphaera",5,1
"Sinomonas",5,1
"Sinomonas",6,1
"Sinorhizobium",10,1
"Sinosporangium",5,1
"Skermanella",3,1
"Skermanella",4,1
"Skermania",4,1
"Smithella",3,1
"Smithella",4,1
"Smithella",5,1
"Smithella",8,1
"Smithella",9,1
"Sneathia",3,1
"Sneathia",6,1
"Sneathia",7,1
"Sneathia",8,1
"Snodgrassella",3,1
"Snodgrassella",4,1
"Snodgrassella",5,1
"Snodgrassella",6,1
"Snodgrassella",9,1
"Snodgrassella",10,1
"Sodalis",6,1
"Solirubrobacter",5,1
"Solirubrobacter",6,1
"Solirubrobacter",7,1
"Solitalea",3,1
"Solitalea",4,1
"Solitalea",5,1
"Solitalea",8,1
"Solitalea",13,1
"Sorangium",4,1
"Sorangium",5,1
"Sorangium",6,1
"Sphaerobacter",3,1
"Sphaerobacter",4,1
"Sphaerobacter",6,1
"Sphaerochaeta",7,1
"Sphaerochaeta",10,1
"Sphingobacterium",7,1
"Sphingobium",4,1
"Sphingomonas",3,1
"Sphingomonas",4,1
"Sphingomonas",5,1
"Sphingomonas",6,1
"Sphingomonas",7,1
"Sphingomonas",8,1
"Sphingomonas",9,1
"Sphingomonas",10,1
"Sphingomonas",13,1
"Sphingopyxis",3,1
"Sphingopyxis",6,1
"Sphingopyxis",8,1
"Spirillospora",6,1
"Spirillospora",8,1
"Spirochaeta",8,1
"Spirochaeta",10,1
"Spiroplasma",4,1
"Spirosoma",3,1
"Spirosoma",5,1
"Spirosoma",7,1
"Spirosoma",8,1
"Spirosoma",9,1
"Spirulina",4,1
"Spizellomyces",3,1
"Spizellomyces",5,1
"Sporocytophaga",4,1
"Sporolactobacillus",9,1
"Sporolactobacillus",10,1
"Sporomusa",13,1
"Sporosarcina",4,1
"Sporosarcina",6,1
"Sporosarcina",9,1
"Sporosarcina",10,1
"Sporosarcina",13,1
"Stanieria",3,1
"Stanieria",8,1
"Staphylococcus",7,1
"Staphylococcus",13,1
"Stenotrophomonas",7,1
"Stenotrophomonas",9,1
"Stigmatella",3,1
"Stigmatella",4,1
"Stigmatella",5,1
"Stigmatella",6,1
"Stigmatella",7,1
"Stigmatella",8,1
"Stigmatella",9,1
"Stigmatella",10,1
"Stigmatella",13,1
"Streptacidiphilus",3,1
"Streptacidiphilus",4,1
"Streptacidiphilus",5,1
"Streptacidiphilus",6,1
"Streptacidiphilus",7,1
"Streptacidiphilus",8,1
"Streptacidiphilus",13,1
"Streptobacillus",4,1
"Streptobacillus",6,1
"Streptobacillus",8,1
"Streptobacillus",13,1
"Streptomyces",3,1
"Streptomyces",4,1
"Streptomyces",5,1
"Streptomyces",6,1
"Streptomyces",7,1
"Streptomyces",8,1
"Streptomyces",9,1
"Streptomyces",10,1
"Streptomyces",13,1
"Streptosporangium",6,1
"Succinatimonas",9,1
"Succinatimonas",10,1
"Succiniclasticum",9,1
"Succinimonas",3,1
"Succinimonas",7,1
"Succinimonas",9,1
"Succinimonas",13,1
"Sulfitobacter",4,1
"Sulfitobacter",8,1
"Sulfobacillus",3,1
"Sulfobacillus",4,1
"Sulfobacillus",5,1
"Sulfobacillus",6,1
"Sulfobacillus",8,1
"Sulfobacillus",9,1
"Sulfobacillus",10,1
"Sulfobacillus",13,1
"Sulfuricurvum",8,1
"Sulfurifustis",6,1
"Sulfurihydrogenibium",4,1
"Sulfurihydrogenibium",5,1
"Sulfurihydrogenibium",6,1
"Sulfurimonas",3,1
"Sulfurimonas",4,1
"Sulfurimonas",5,1
"Sulfurimonas",6,1
"Sulfurimonas",8,1
"Sulfuritalea",5,1
"Sulfuritalea",6,1
"Sulfurospirillum",3,1
"Sulfurospirillum",4,1
"Sulfurospirillum",6,1
"Sulfurospirillum",8,1
"Sulfurovum",3,1
"Sulfurovum",4,1
"Sulfurovum",8,1
"Sulfurovum",9,1
"Sunxiuqinia",5,1
"Symbiobacterium",4,1
"Symbiobacterium",5,1
"Synechococcus",4,1
"Syntrophaceticus",9,1
"Syntrophaceticus",10,1
"Syntrophobacter",3,1
"Syntrophobacter",5,1
"Syntrophobacter",9,1
"Syntrophobotulus",9,1
"Syntrophobotulus",13,1
"Syntrophomonas",13,1
"Syntrophus",3,1
"Syntrophus",4,1
"Syntrophus",5,1
"Syntrophus",8,1
"Syntrophus",9,1
"Syntrophus",10,1
"T7virus",4,1
"Tamlana",4,1
"Tamlana",6,1
"Taphrina",4,1
"Taylorella",3,1
"Taylorella",4,1
"Taylorella",5,1
"Taylorella",6,1
"Taylorella",10,1
"Tenacibaculum",3,1
"Tenacibaculum",5,1
"Tenacibaculum",6,1
"Tenacibaculum",10,1
"Tenacibaculum",13,1
"Tepidanaerobacter",9,1
"Tepidibacillus",3,1
"Tepidibacillus",4,1
"Tepidibacillus",5,1
"Tepidibacillus",6,1
"Tepidibacillus",7,1
"Tepidibacillus",8,1
"Tepidibacillus",10,1
"Tepidibacillus",13,1
"Tepidimicrobium",10,1
"Tepidimonas",8,1
"Terasakiella",3,1
"Terasakiella",4,1
"Terasakiella",5,1
"Teredinibacter",4,1
"Teredinibacter",5,1
"Terrabacter",10,1
"Terracidiphilus",6,1
"Terracoccus",6,1
"Terracoccus",7,1
"Terribacillus",4,1
"Terribacillus",5,1
"Terribacillus",6,1
"Terribacillus",9,1
"Terriglobus",8,1
"Terrimicrobium",3,1
"Terrimicrobium",5,1
"Terrisporobacter",13,1
"Tessaracoccus",3,1
"Tessaracoccus",4,1
"Tessaracoccus",5,1
"Tessaracoccus",6,1
"Tessaracoccus",7,1
"Tessaracoccus",8,1
"Tessaracoccus",10,1
"Tetragenococcus",3,1
"Tetragenococcus",4,1
"Tetragenococcus",5,1
"Tetragenococcus",8,1
"Tetrasphaera",4,1
"Thalassobacillus",3,1
"Thalassobacillus",4,1
"Thalassobacillus",6,1
"Thalassobacillus",7,1
"Thalassobacillus",8,1
"Thalassobacillus",9,1
"Thalassobacillus",13,1
"Thalassospira",4,1
"Thauera",3,1
"Thauera",4,1
"Thauera",5,1
"Thauera",8,1
"Thauera",9,1
"Thermacetogenium",3,1
"Thermacetogenium",5,1
"Thermacetogenium",6,1
"Thermacetogenium",7,1
"Thermaerobacter",4,1
"Thermaerobacter",5,1
"Thermaerobacter",6,1
"Thermanaerovibrio",5,1
"Thermanaerovibrio",6,1
"Thermanaerovibrio",7,1
"Thermanaerovibrio",8,1
"Thermicanus",3,1
"Thermicanus",4,1
"Thermicanus",5,1
"Thermicanus",6,1
"Thermicanus",7,1
"Thermicanus",8,1
"Thermincola",3,1
"Thermincola",4,1
"Thermincola",5,1
"Thermincola",6,1
"Thermincola",7,1
"Thermincola",9,1
"Thermincola",10,1
"Thermincola",13,1
"Thermoactinomyces",3,1
"Thermoactinomyces",6,1
"Thermoanaerobacter",3,1
"Thermoanaerobacter",4,1
"Thermoanaerobacter",6,1
"Thermoanaerobacter",7,1
"Thermoanaerobacter",8,1
"Thermoanaerobacter",10,1
"Thermoanaerobacterium",9,1
"Thermoanaerobacterium",10,1
"Thermobacillus",3,1
"Thermobacillus",6,1
"Thermobacillus",8,1
"Thermobacillus",9,1
"Thermobrachium",7,1
"Thermobrachium",9,1
"Thermococcus",3,1
"Thermococcus",4,1
"Thermococcus",5,1
"Thermococcus",6,1
"Thermococcus",10,1
"Thermodesulfobacterium",5,1
"Thermodesulfobacterium",9,1
"Thermodesulfobium",4,1
"Thermodesulfobium",5,1
"Thermodesulfobium",10,1
"Thermodesulfovibrio",4,1
"Thermodesulfovibrio",5,1
"Thermodesulfovibrio",6,1
"Thermogladius",4,1
"Thermogladius",5,1
"Thermogladius",6,1
"Thermonema",4,1
"Thermonema",5,1
"Thermophagus",5,1
"Thermorudis",3,1
"Thermorudis",4,1
"Thermorudis",5,1
"Thermorudis",6,1
"Thermorudis",7,1
"Thermorudis",10,1
"Thermosediminibacter",3,1
"Thermosediminibacter",4,1
"Thermosediminibacter",5,1
"Thermosediminibacter",7,1
"Thermosipho",3,1
"Thermosipho",4,1
"Thermosipho",6,1
"Thermosipho",10,1
"Thermotalea",7,1
"Thermotalea",8,1
"Thermotoga",4,1
"Thermotoga",5,1
"Thermotoga",6,1
"Thermotoga",8,1
"Thermovenabulum",3,1
"Thermovenabulum",4,1
"Thermovenabulum",5,1
"Thermovenabulum",9,1
"Thermovenabulum",13,1
"Thermus",4,1
"Thermus",5,1
"Thermus",6,1
"Thermus",8,1
"Thermus",10,1
"Thioalkalimicrobium",4,1
"Thioalkalivibrio",4,1
"Thioalkalivibrio",5,1
"Thioalkalivibrio",6,1
"Thioalkalivibrio",8,1
"Thioalkalivibrio",9,1
"Thioflavicoccus",6,1
"Thiohalocapsa",4,1
"Thiohalorhabdus",6,1
"Thiohalorhabdus",8,1
"Thiomargarita",3,1
"Thiomargarita",4,1
"Thiomargarita",6,1
"Thiomargarita",7,1
"Thiomargarita",9,1
"Thiomicrospira",8,1
"Thioploca",6,1
"Thiorhodococcus",3,1
"Thiorhodococcus",5,1
"Thiorhodococcus",10,1
"Thiorhodovibrio",6,1
"Thiorhodovibrio",8,1
"Thiothrix",4,1
"Thiothrix",9,1
"Tindallia",3,1
"Tindallia",6,1
"Tindallia",7,1
"Tolypothrix",3,1
"Tolypothrix",4,1
"Tolypothrix",5,1
"Tolypothrix",7,1
"Tolypothrix",9,1
"Tolypothrix",10,1
"Trabulsiella",5,1
"Trabulsiella",6,1
"Trichococcus",6,1
"Trichococcus",7,1
"Trichococcus",8,1
"Trichococcus",9,1
"Trichodesmium",8,1
"Trichophyton",3,1
"Trichophyton",4,1
"Trichophyton",5,1
"Trichophyton",6,1
"Trichophyton",8,1
"Trichophyton",10,1
"Trueperella",3,1
"Trueperella",5,1
"Trueperella",8,1
"Trueperella",9,1
"Trueperella",10,1
"Tuber",5,1
"Tuberibacillus",3,1
"Tuberibacillus",4,1
"Tuberibacillus",8,1
"Tuberibacillus",9,1
"Tuberibacillus",13,1
"Tumebacillus",6,1
"Twortvirus",6,1
"Uliginosibacterium",3,1
"Uliginosibacterium",10,1
"Ulvibacter",4,1
"Ulvibacter",5,1
"Ureibacillus",6,1
"Ureibacillus",8,1
"Vagococcus",6,1
"Varibaculum",4,1
"Varibaculum",5,1
"Varibaculum",7,1
"Varibaculum",8,1
"Varibaculum",10,1
"Varibaculum",13,1
"Variovorax",3,1
"Variovorax",4,1
"Variovorax",5,1
"Variovorax",7,1
"Verrucomicrobium",4,1
"Verrucomicrobium",5,1
"Verrucomicrobium",8,1
"Verrucomicrobium",9,1
"Verrucomicrobium",10,1
"Vibrio",7,1
"Vibrio",13,1
"Virgibacillus",3,1
"Virgibacillus",4,1
"Virgibacillus",5,1
"Virgibacillus",6,1
"Virgibacillus",8,1
"Virgibacillus",13,1
"Vitellibacter",3,1
"Vitellibacter",4,1
"Vitellibacter",5,1
"Vitellibacter",8,1
"Vitellibacter",10,1
"Vulcanibacillus",6,1
"Weeksella",3,1
"Weeksella",10,1
"Weissella",3,1
"Wenyingzhuangia",6,1
"Wenyingzhuangia",10,1
"Williamsia",6,1
"Williamsia",8,1
"Winogradskyella",4,1
"Winogradskyella",6,1
"Xanthobacter",4,1
"Xanthobacter",5,1
"Xanthobacter",8,1
"Xanthomarina",4,1
"Xanthomarina",8,1
"Xanthomonas",3,1
"Xanthomonas",4,1
"Xanthomonas",5,1
"Xanthomonas",6,1
"Xanthomonas",7,1
"Xanthomonas",8,1
"Xanthomonas",10,1
"Xanthophyllomyces",5,1
"Xanthophyllomyces",10,1
"Xenococcus",3,1
"Xenococcus",4,1
"Xenococcus",5,1
"Xenococcus",8,1
"Xenococcus",9,1
"Xenococcus",10,1
"Xenophilus",3,1
"Xenophilus",6,1
"Xenorhabdus",3,1
"Xenorhabdus",5,1
"Xenorhabdus",6,1
"Xenorhabdus",8,1
"Xenorhabdus",9,1
"Xylella",3,1
"Xylella",13,1
"Yersinia",3,1
"Yersinia",4,1
"Yersinia",6,1
"Yersinia",7,1
"Yersinia",8,1
"Yersinia",13,1
"Zhouia",3,1
"Zhouia",4,1
"Zhouia",5,1
"Zhouia",10,1
"Zobellia",3,1
"Zobellia",5,1
"Zunongwangia",3,1
